/*--------------------------------*- C++ -*----------------------------------*\
| =========                 |                                                 |
| \\      /  F ield         | OpenFOAM: The Open Source CFD Toolbox           |
|  \\    /   O peration     | Version:                                        |
|   \\  /    A nd           | Website:  www.openfoam.com                      |
|    \\/     M anipulation  |                                                 |
\*---------------------------------------------------------------------------*/
FoamFile
{
    version     2.0;
    format      ascii;
    class       faceList;
    location    "constant/polyMesh";
    object      faces;
}
// * * * * * * * * * * * * * * * * * * * * * * * * * * * * * * * * * * * * * //


2242
(
4(1644 1478 1068 1128)
4(1394 1045 1471 1645)
4(1646 1121 1047 1396)
6(1716 1471 1045 1016 1068 1478)
6(1128 1068 1016 1047 1121 1717)
6(1396 1047 1016 1045 1394 1718)
4(1125 1057 1474 1649)
4(1651 1475 1059 1405)
4(1410 1071 1129 1652)
6(1719 1474 1057 1021 1059 1475)
6(1129 1071 1021 1057 1125 1720)
6(1721 1405 1059 1021 1071 1410)
4(1654 1476 1062 1408)
4(1244 1070 1479 1655)
4(1398 1050 1237 1656)
6(1479 1070 1017 1062 1476 1722)
6(1723 1237 1050 1017 1070 1244)
6(1408 1062 1017 1050 1398 1724)
4(1658 1473 1056 1239)
4(1403 1055 1472 1660)
4(1661 1245 1072 1411)
6(1725 1472 1055 1020 1056 1473)
6(1726 1239 1056 1020 1072 1245)
6(1411 1072 1020 1055 1403 1727)
4(1127 1067 1543 1664)
4(1665 1538 1053 1401)
4(1402 1054 1124 1666)
6(1543 1067 1019 1053 1538 1728)
6(1729 1124 1054 1019 1067 1127)
6(1730 1401 1053 1019 1054 1402)
4(1669 1537 1049 1122)
4(1406 1060 1539 1670)
4(1671 1123 1051 1399)
6(1539 1060 1018 1049 1537 1731)
6(1732 1122 1049 1018 1051 1123)
6(1733 1399 1051 1018 1060 1406)
4(1407 1061 1540 1674)
4(1675 1544 1069 1243)
4(1676 1236 1048 1397)
6(1734 1540 1061 1015 1069 1544)
6(1243 1069 1015 1048 1236 1735)
6(1736 1397 1048 1015 1061 1407)
4(1235 1044 1535 1679)
4(1680 1536 1046 1395)
4(1400 1052 1238 1681)
6(1737 1535 1044 1014 1046 1536)
6(1238 1052 1014 1044 1235 1738)
6(1739 1395 1046 1014 1052 1400)
4(1116 1035 1470 1684)
5(1740 1470 1035 915 1450)
6(1450 915 927 1057 1474 1741)
6(1742 1619 927 915 1035 1116)
5(1743 1125 1057 927 1619)
4(1633 986 1460 1687)
5(1426 596 1035 1470 1744)
6(1745 1460 986 670 596 1426)
6(1116 1035 596 670 1573 1746)
5(1573 670 986 1633 1747)
4(1642 1028 1469 1689)
6(1748 1469 1028 701 600 1427)
5(1427 600 986 1460 1749)
5(1579 701 1028 1642 1750)
6(1633 986 600 701 1579 1751)
4(1634 990 1462 1691)
5(1439 726 1028 1469 1752)
6(1753 1462 990 755 726 1439)
6(1642 1028 726 755 1590 1754)
5(1590 755 990 1634 1755)
5(1452 928 990 1462 1756)
6(1757 1478 1068 938 928 1452)
6(1634 990 928 938 1621 1758)
5(1621 938 1068 1128 1759)
4(1366 993 1463 1695)
5(1760 1463 993 920 1451)
6(1451 920 946 1045 1471 1761)
6(1762 1348 946 920 993 1366)
5(1763 1394 1045 946 1348)
4(1368 995 1464 1698)
6(1764 1464 995 815 792 1443)
6(1443 792 814 993 1463 1765)
6(1366 993 814 852 1324 1766)
6(1767 1324 852 815 995 1368)
4(792 815 852 814)
6(1447 874 893 995 1464 1768)
5(1769 1476 1062 874 1447)
5(1770 1368 995 893 1333)
6(1771 1333 893 874 1062 1408)
4(1701 1480 1073 1246)
6(1458 972 984 1073 1480 1772)
5(1773 1473 1056 972 1458)
5(1774 1246 1073 984 1219)
6(1775 1219 984 972 1056 1239)
4(1703 1466 1005 1226)
6(1434 667 694 1005 1466 1776)
5(1777 1480 1073 667 1434)
6(1778 1166 694 667 1073 1246)
5(1779 1226 1005 694 1166)
4(1705 1477 1066 1242)
5(1780 1466 1005 706 1437)
6(1437 706 746 1066 1477 1781)
5(1782 1242 1066 746 1174)
6(1783 1174 746 706 1005 1226)
4(1707 1467 1009 1228)
6(1444 795 809 1009 1467 1784)
5(1785 1477 1066 795 1444)
6(1786 1187 809 795 1066 1242)
5(1787 1228 1009 809 1187)
5(1788 1467 1009 936 1454)
6(1454 936 941 1070 1479 1789)
6(1790 1208 941 936 1009 1228)
5(1791 1244 1070 941 1208)
4(1709 1461 989 1364)
5(1449 904 989 1461 1792)
6(1475 1059 889 904 1449 1793)
6(1794 1364 989 904 889 1332)
5(1332 889 1059 1405 1795)
4(1711 1465 1004 1375)
5(1432 655 1004 1465 1796)
6(1461 989 640 655 1432 1797)
6(1798 1375 1004 655 640 1289)
5(1289 640 989 1364 1799)
6(1465 1004 922 949 1456 1800)
5(1456 949 1055 1472 1801)
5(1342 922 1004 1375 1802)
6(1803 1403 1055 949 922 1342)
4(1714 1533 1030 1112)
5(1518 892 1030 1533 1804)
6(1805 1537 1049 912 892 1518)
6(1112 1030 892 912 1614 1806)
5(1614 912 1049 1122 1807)
4(1647 1524 985 1632)
5(1808 1533 1030 587 1497)
6(1497 587 663 985 1524 1809)
6(1810 1569 663 587 1030 1112)
5(1811 1632 985 663 1569)
4(1650 1531 1026 1641)
6(1499 601 690 1026 1531 1812)
5(1813 1524 985 601 1499)
5(1814 1641 1026 690 1578)
6(1815 1578 690 601 985 1632)
4(1653 1529 1011 1639)
5(1816 1531 1026 714 1506)
6(1506 714 753 1011 1529 1817)
6(1818 1588 753 714 1026 1641)
5(1819 1639 1011 753 1588)
5(1820 1529 1011 935 1521)
6(1521 935 940 1067 1543 1821)
6(1822 1622 940 935 1011 1639)
5(1823 1127 1067 940 1622)
4(1662 1525 994 1367)
5(1519 921 994 1525 1824)
6(1825 1538 1053 947 921 1519)
6(1367 994 921 947 1349 1826)
5(1349 947 1053 1401 1827)
4(1667 1526 996 1369)
5(1498 599 996 1526 1828)
6(1525 994 598 599 1498 1829)
5(1281 598 994 1367 1830)
6(1831 1369 996 599 598 1281)
6(1832 1526 996 894 873 1515)
5(1515 873 1061 1540 1833)
5(1334 894 996 1369 1834)
6(1407 1061 873 894 1334 1835)
4(1241 1065 1542 1673)
6(1542 1065 980 981 1523 1836)
5(1523 981 1044 1535 1837)
5(1218 980 1065 1241 1838)
6(1839 1235 1044 981 980 1218)
4(1225 1003 1528 1678)
6(1840 1528 1003 686 660 1502)
5(1502 660 1065 1542 1841)
6(1241 1065 660 686 1165 1842)
5(1165 686 1003 1225 1843)
4(1240 1063 1541 1682)
5(1505 707 1003 1528 1844)
6(1845 1541 1063 739 707 1505)
5(1172 739 1063 1240 1846)
6(1225 1003 707 739 1172 1847)
4(1231 1025 1530 1685)
6(1848 1530 1025 799 776 1508)
5(1508 776 1063 1541 1849)
6(1240 1063 776 799 1182 1850)
5(1182 799 1025 1231 1851)
5(1522 950 1025 1530 1852)
6(1544 1069 942 950 1522 1853)
6(1854 1231 1025 950 942 1209)
5(1209 942 1069 1243 1855)
4(1371 999 1527 1690)
6(1856 1527 999 886 858 1513)
5(1513 858 1060 1539 1857)
5(1330 886 999 1371 1858)
6(1406 1060 858 886 1330 1859)
4(1381 1027 1532 1693)
6(1532 1027 555 631 1501 1860)
5(1501 631 999 1527 1861)
5(1277 555 1027 1381 1862)
6(1863 1371 999 631 555 1277)
5(1520 931 1027 1532 1864)
6(1865 1536 1046 948 931 1520)
6(1381 1027 931 948 1350 1866)
5(1350 948 1046 1395 1867)
4(1377 1010 1638 1696)
6(1638 1010 952 964 1627 1868)
5(1627 964 1071 1129 1869)
5(1351 952 1010 1377 1870)
6(1871 1410 1071 964 952 1351)
4(1389 1039 1118 1699)
5(1596 768 1010 1638 1872)
6(1873 1118 1039 783 768 1596)
5(1307 783 1039 1389 1874)
6(1377 1010 768 783 1307 1875)
4(1385 1033 1115 1700)
6(1115 1033 724 798 1604 1876)
5(1604 798 1039 1118 1877)
6(1878 1389 1039 798 724 1300)
5(1300 724 1033 1385 1879)
4(1387 1037 1117 1702)
5(1594 766 1033 1115 1880)
6(1117 1037 613 766 1594 1881)
5(1283 613 1037 1387 1882)
6(1883 1385 1033 766 613 1283)
4(1379 1023 1640 1704)
5(1884 1640 1023 731 1584)
6(1885 1584 731 592 1037 1117)
5(1886 1387 1037 592 1280)
6(1280 592 731 1023 1379 1887)
4(1376 1007 1636 1706)
6(1888 1130 1095 1094 1023 1640)
5(1636 1007 1095 1130 1889)
6(1890 1416 1094 1095 1007 1376)
5(1379 1023 1094 1416 1891)
6(1892 1615 914 898 1007 1636)
5(1893 1123 1051 914 1615)
5(1894 1376 1007 898 1337)
6(1337 898 914 1051 1399 1895)
4(1708 1119 1040 1390)
5(1629 971 1040 1119 1896)
6(1897 1121 1047 977 971 1629)
6(1390 1040 971 977 1359 1898)
5(1359 977 1047 1396 1899)
4(1710 1643 1029 1382)
5(1580 702 1029 1643 1900)
6(1119 1040 647 702 1580 1901)
6(1902 1382 1029 702 647 1290)
5(1290 647 1040 1390 1903)
4(1712 1120 1043 1393)
5(1904 1643 1029 618 1563)
6(1563 618 620 1043 1120 1905)
6(1906 1286 620 618 1029 1382)
5(1907 1393 1043 620 1286)
4(1713 1126 1058 1404)
6(1600 787 797 1058 1126 1908)
5(1909 1120 1043 787 1600)
6(1910 1309 797 787 1043 1393)
5(1911 1404 1058 797 1309)
4(1715 1114 1032 1384)
5(1912 1126 1058 754 1589)
6(1589 754 794 1032 1114 1913)
5(1914 1384 1032 794 1308)
6(1915 1308 794 754 1058 1404)
4(1648 1113 1031 1383)
6(1916 1571 668 608 1031 1113)
6(1917 1114 1032 744 668 1571)
6(1297 685 744 1032 1384 1918)
6(1383 1031 608 685 1297 1919)
4(668 744 685 608)
5(1920 1113 1031 960 1625)
6(1625 960 979 1054 1124 1921)
6(1922 1361 979 960 1031 1383)
5(1923 1402 1054 979 1361)
4(1657 1230 1024 1380)
6(1924 1214 967 959 1024 1230)
5(1925 1245 1072 967 1214)
5(1926 1380 1024 959 1354)
6(1354 959 967 1072 1411 1927)
4(1659 1247 1074 1412)
5(1928 1230 1024 808 1186)
6(1186 808 821 1074 1247 1929)
6(1930 1312 821 808 1024 1380)
5(1931 1412 1074 821 1312)
4(1663 1234 1042 1392)
6(1932 1193 853 836 1042 1234)
5(1933 1247 1074 853 1193)
5(1934 1392 1042 836 1318)
6(1318 836 853 1074 1412 1935)
4(1668 1248 1075 1413)
6(1936 1234 1042 825 775 1179)
5(1179 775 1075 1248 1937)
5(1313 825 1042 1392 1938)
6(1413 1075 775 825 1313 1939)
4(1672 1232 1038 1388)
5(1940 1249 1110 1038 1232)
6(1248 1075 1111 1110 1249 1941)
6(1388 1038 1110 1111 1417 1942)
5(1943 1417 1111 1075 1413)
4(1677 1233 1041 1391)
5(1944 1232 1038 735 1171)
6(1945 1171 735 627 1041 1233)
6(1287 627 735 1038 1388 1946)
5(1947 1391 1041 627 1287)
5(1948 1233 1041 968 1215)
6(1215 968 978 1052 1238 1949)
6(1950 1360 978 968 1041 1391)
5(1951 1400 1052 978 1360)
4(1374 1002 1224 1683)
6(1224 1002 888 903 1200 1952)
5(1200 903 1050 1237 1953)
5(1331 888 1002 1374 1954)
6(1955 1398 1050 903 888 1331)
4(1365 992 1222 1686)
5(1956 1222 992 612 1158)
6(1957 1158 612 523 1002 1224)
6(1275 523 612 992 1365 1958)
5(1959 1374 1002 523 1275)
4(1346 939 1207 1688)
6(1191 840 870 992 1222 1960)
6(1207 939 732 840 1191 1961)
6(1962 1365 992 870 782 1306)
6(1963 1306 782 732 939 1346)
4(782 870 840 732)
4(1345 937 1206 1692)
5(1964 1206 937 438 1143)
6(1143 438 439 939 1207 1965)
6(1966 1268 439 438 937 1345)
5(1967 1346 939 439 1268)
4(1372 1000 1223 1694)
6(1968 1178 765 695 937 1206)
6(1223 1000 747 765 1178 1969)
6(1970 1345 937 695 666 1293)
6(1293 666 747 1000 1372 1971)
4(695 765 747 666)
4(1357 970 1216 1697)
6(1216 970 810 883 1198 1972)
6(1198 883 884 1000 1223 1973)
6(1974 1314 826 810 970 1357)
6(1975 1372 1000 884 826 1314)
4(826 884 883 810)
6(1976 1197 882 867 970 1216)
5(1977 1236 1048 882 1197)
5(1978 1357 970 867 1327)
6(1327 867 882 1048 1397 1979)
4(1423 411 629 1431)
5(1434 667 490 777 1442)
5(1431 629 436 706 1437)
5(1446 812 358 411 1423)
4(1442 777 812 1446)
4(490 667 694 534)
6(495 534 694 1005 706 436)
6(358 812 777 490 534 495)
5(358 495 436 629 411)
6(1418 256 162 153 600 1427)
5(1439 726 341 394 1422)
4(1438 722 256 1418)
5(1422 394 315 722 1438)
6(241 341 726 1028 701 230)
5(154 230 701 600 153)
5(189 315 394 341 241)
4(154 153 162 131)
6(162 256 722 315 189 131)
5(131 189 241 230 154)
4(1453 934 792 1443)
5(1429 610 578 934 1453)
4(1428 606 610 1429)
5(1447 874 372 606 1428)
5(434 893 995 815 604)
4(372 874 893 434)
6(434 604 578 610 606 372)
5(604 815 792 934 578)
5(1426 596 354 696 1436)
5(1436 696 637 760 1441)
4(1441 760 974 1459)
5(1459 974 837 915 1450)
6(354 596 1035 915 837 493)
4(493 637 696 354)
5(493 837 974 760 637)
4(1455 945 1012 1468)
5(1432 655 167 291 1419)
5(1468 1012 872 949 1456)
4(1419 291 945 1455)
5(655 1004 922 845 167)
4(845 922 949 872)
6(167 845 872 1012 945 291)
4(1453 934 804 1445)
4(1445 804 548 1425)
5(1425 548 588 920 1451)
4(814 993 920 588)
6(548 804 934 792 814 588)
5(1429 610 302 387 1421)
5(1421 387 331 673 1435)
5(1430 611 624 804 1445)
5(1435 673 501 611 1430)
5(298 624 611 501 179)
6(187 302 610 578 298 179)
4(187 331 387 302)
5(179 501 673 331 187)
5(578 934 804 624 298)
4(1433 656 387 1421)
5(1444 795 538 656 1433)
5(1428 606 525 936 1454)
4(538 795 809 481)
6(481 809 1009 936 525 370)
5(370 525 606 610 302)
6(302 387 656 538 481 370)
4(1448 885 954 1457)
4(1433 656 629 1431)
5(1423 411 375 885 1448)
4(1457 954 673 1435)
6(375 411 629 656 387 331)
5(331 673 954 885 375)
4(1440 758 696 1436)
5(1418 256 374 758 1440)
4(476 670 596 354)
5(153 600 986 670 476)
7(153 476 354 696 758 374 162)
3(162 374 256)
4(1420 340 760 1441)
4(1440 758 515 1424)
4(1424 515 1091 1481)
5(1481 1091 132 340 1420)
6(132 1091 515 758 696 637)
4(132 637 760 340)
5(1458 972 900 1012 1468)
5(1455 945 749 777 1442)
6(562 906 984 1073 667 490)
4(900 972 984 906)
4(490 777 749 562)
6(749 945 1012 900 906 562)
5(1449 904 822 974 1459)
5(1420 340 135 291 1419)
5(108 640 655 167 101)
5(108 822 904 989 640)
7(101 135 340 760 974 822 108)
4(101 167 291 135)
5(1452 928 201 548 1425)
4(1430 611 394 1422)
4(407 755 726 341)
6(201 928 990 755 407 210)
6(407 341 394 611 624 210)
5(210 624 804 548 201)
5(1448 885 419 515 1424)
4(1438 722 954 1457)
4(374 758 515 419)
6(374 419 885 954 722 256)
5(494 746 1066 795 538)
4(436 706 746 494)
5(494 538 656 629 436)
5(1446 812 1090 1091 1481)
5(348 1090 812 358 310)
5(419 515 1091 1090 348)
4(358 411 375 310)
5(310 375 885 419 348)
5(925 1020 1056 972 900)
5(872 949 1055 1020 925)
4(925 900 1012 872)
4(525 936 941 452)
5(452 941 1070 1017 399)
5(399 1017 1062 874 372)
5(372 606 525 452 399)
4(837 915 927 857)
5(857 927 1057 1021 905)
4(801 889 904 822)
5(801 905 1021 1059 889)
6(822 974 837 857 905 801)
4(151 938 928 201)
5(213 1016 1068 938 151)
4(588 920 946 565)
5(565 946 1045 1016 213)
6(201 548 588 565 213 151)
6(71 749 777 812 1090 86)
4(86 1090 1091 132)
5(86 132 340 135 71)
5(135 291 945 749 71)
4(315 501 611 394)
5(315 722 954 673 501)
4(1492 535 769 1507)
5(1509 790 483 660 1502)
5(1505 707 365 535 1492)
4(1507 769 877 1516)
4(1516 877 790 1509)
4(532 686 660 483)
5(365 707 1003 686 532)
7(532 483 790 877 769 535 365)
5(1499 601 559 847 1512)
5(1490 470 377 714 1506)
4(1512 847 678 1503)
5(1503 678 418 470 1490)
6(422 633 690 1026 714 377)
4(601 690 633 559)
4(377 470 418 422)
6(418 678 847 559 633 422)
5(1498 599 469 566 1496)
4(1496 566 445 1489)
4(1489 445 190 1483)
5(1483 190 180 873 1515)
5(469 599 996 894 257)
4(257 894 873 180)
6(190 445 566 469 257 180)
5(1485 231 115 587 1497)
5(1493 545 224 231 1485)
4(1486 305 545 1493)
5(1518 892 150 305 1486)
6(102 150 892 1030 587 115)
5(102 224 545 305 150)
4(115 231 224 102)
4(1514 859 881 1517)
5(1488 405 242 631 1501)
5(1520 931 650 859 1514)
4(1517 881 405 1488)
5(174 650 931 1027 555)
4(174 555 631 242)
6(242 405 881 859 650 174)
5(1511 816 577 566 1496)
4(1534 1034 816 1511)
5(1519 921 899 1034 1534)
6(503 899 921 994 598 463)
4(463 598 599 469)
5(469 566 577 503 463)
5(577 816 1034 899 503)
5(1500 621 401 445 1489)
4(1487 319 621 1500)
5(1511 816 580 552 1494)
5(1494 552 221 319 1487)
5(221 552 580 506 351)
5(221 351 401 621 319)
6(351 506 577 566 445 401)
4(506 580 816 577)
4(1500 621 691 1504)
5(1504 691 553 776 1508)
5(1522 950 96 190 1483)
4(572 799 776 553)
6(96 950 1025 799 572 142)
6(142 572 553 691 621 401)
5(142 401 445 190 96)
5(1482 83 113 215 1484)
5(1492 535 336 691 1504)
4(1484 215 769 1507)
5(1487 319 1078 83 1482)
6(99 1078 319 621 691 336)
4(83 1078 99 113)
6(99 336 535 769 215 113)
4(1485 231 813 1510)
4(1510 813 847 1512)
4(115 587 663 218)
5(218 663 985 601 559)
6(218 559 847 813 231 115)
4(1493 545 524 1491)
5(1545 1092 1093 813 1510)
4(1495 564 1092 1545)
5(1491 524 356 564 1495)
5(246 356 524 545 224)
5(231 813 1093 246 224)
5(246 1093 1092 564 356)
5(1514 859 725 981 1523)
5(1509 790 692 881 1517)
6(483 660 1065 980 740 479)
4(740 980 981 725)
6(479 740 725 859 881 692)
4(479 692 790 483)
5(1486 305 222 858 1513)
5(1488 405 368 524 1491)
6(242 631 999 886 271 259)
4(271 886 858 222)
7(222 305 545 524 368 259 271)
4(259 368 405 242)
5(1534 1034 876 935 1521)
4(1490 470 552 1494)
4(377 714 753 440)
6(440 753 1011 935 876 504)
6(440 504 580 552 470 377)
5(504 876 1034 816 580)
4(1545 1092 215 1484)
4(1482 83 678 1503)
6(113 1093 813 847 678 83)
4(215 1092 1093 113)
6(229 553 776 1063 739 317)
4(317 739 707 365)
4(336 691 553 229)
5(317 365 535 336 229)
4(1495 564 877 1516)
5(769 877 564 1092 215)
5(725 981 1044 1014 693)
4(676 948 931 650)
5(693 1014 1046 948 676)
5(650 859 725 693 676)
4(72 942 950 96)
5(78 1015 1069 942 72)
5(180 873 1061 1015 78)
5(72 96 190 180 78)
4(172 912 892 150)
5(134 1018 1049 912 172)
5(222 858 1060 1018 134)
5(172 150 305 222 134)
4(876 935 940 878)
5(940 1067 1019 962 878)
4(899 923 947 921)
5(923 962 1019 1053 947)
6(878 962 923 899 1034 876)
4(362 368 524 356)
5(362 692 881 405 368)
6(356 564 877 790 692 362)
5(221 1079 418 470 552)
4(319 1078 1079 221)
5(678 418 1079 1078 83)
4(1612 887 969 1628)
4(1626 961 924 1618)
5(1628 969 806 798 1604)
5(1618 924 727 887 1612)
5(1594 766 759 961 1626)
4(724 798 806 729)
6(729 793 759 766 1033 724)
6(793 729 806 969 887 727)
5(727 924 961 759 793)
5(1608 844 521 754 1589)
4(1585 737 844 1608)
5(1553 437 382 737 1585)
5(1600 787 261 437 1553)
5(196 261 787 797 206)
5(206 797 1058 754 521)
4(196 382 437 261)
6(206 521 844 737 382 196)
4(1609 862 756 1591)
5(1130 1095 136 385 1552)
5(1591 756 347 731 1584)
4(1593 762 862 1609)
4(1552 385 762 1593)
4(136 1095 1094 129)
5(129 1094 1023 731 347)
7(129 347 756 862 762 385 136)
5(1579 701 230 712 1582)
5(1562 616 407 755 1590)
5(1574 674 579 616 1562)
4(1582 712 674 1574)
5(341 407 616 579 241)
5(241 579 674 712 230)
4(1570 664 688 1577)
5(1611 865 633 690 1578)
5(1588 753 440 664 1570)
5(1577 688 554 865 1611)
6(422 554 688 664 440 377)
4(422 633 865 554)
5(1564 623 277 618 1563)
5(1131 1106 518 623 1564)
4(1602 791 1106 1131)
5(1580 702 733 791 1602)
6(322 733 702 1029 618 277)
4(277 623 518 322)
5(518 1106 791 733 322)
5(1598 781 476 670 1573)
4(1630 973 895 1613)
5(1613 895 684 781 1598)
5(1619 927 857 973 1630)
5(476 781 684 493 354)
6(684 895 973 857 837 493)
6(1569 663 218 220 260 1547)
4(1557 498 264 1549)
4(1547 260 498 1557)
5(1549 264 172 912 1614)
7(150 172 264 498 260 220 102)
4(102 220 218 115)
4(1571 668 838 1607)
5(1607 838 625 681 1576)
4(1576 681 983 1631)
5(1631 983 891 960 1625)
5(608 1031 960 891 811)
5(608 811 625 838 668)
5(625 811 891 983 681)
5(1608 844 628 661 1568)
4(1568 661 838 1607)
5(581 794 1032 744 705)
4(521 754 794 581)
5(581 705 628 844 521)
6(628 705 744 668 838 661)
5(1585 737 573 761 1592)
5(1592 761 456 635 1565)
5(1572 669 432 661 1568)
4(1565 635 669 1572)
6(380 432 669 635 456 423)
6(423 573 737 844 628 380)
4(380 628 661 432)
4(456 761 573 423)
4(1623 943 761 1592)
4(1595 767 943 1623)
4(1553 437 829 1606)
5(1606 829 713 767 1595)
5(382 513 713 829 437)
4(382 737 573 513)
6(573 761 943 767 713 513)
4(1623 943 807 1605)
5(1605 807 307 361 1551)
5(1551 361 255 328 1550)
4(1550 328 635 1565)
4(255 361 307 276)
5(276 456 635 328 255)
6(307 807 943 761 456 276)
5(1559 544 489 807 1605)
4(1566 643 544 1559)
5(1583 721 520 643 1566)
5(1595 767 502 721 1583)
5(489 544 643 520 406)
4(406 520 721 502)
6(406 502 767 943 807 489)
5(1559 544 567 932 1620)
5(1581 703 514 361 1551)
4(1637 1008 703 1581)
4(1620 932 1008 1637)
4(361 514 366 307)
4(508 567 544 489)
5(366 508 489 807 307)
7(366 514 703 1008 932 567 508)
5(1566 643 403 497 1556)
4(1556 497 955 1624)
4(1624 955 677 1575)
5(1575 677 542 932 1620)
5(403 643 544 567 634)
6(403 634 542 677 955 497)
4(634 567 932 542)
6(1581 703 533 464 550 1560)
5(1601 789 410 328 1550)
4(1617 918 789 1601)
5(1560 550 442 918 1617)
7(342 381 464 533 514 361 255)
4(442 550 464 381)
4(328 410 342 255)
6(342 410 789 918 442 381)
3(533 703 514)
5(1603 796 429 497 1556)
4(1583 721 916 1616)
5(1616 916 752 741 1586)
4(1586 741 796 1603)
5(332 417 520 643 403)
5(417 752 916 721 520)
4(403 497 429 332)
6(332 429 796 741 752 417)
4(1635 998 955 1624)
5(1587 748 665 786 1599)
5(1599 786 743 998 1635)
4(1603 796 748 1587)
4(658 743 786 665)
6(497 955 998 743 658 429)
5(658 665 748 796 429)
5(1558 537 477 969 1628)
5(1612 887 582 677 1575)
4(1635 998 537 1558)
4(582 887 969 477)
6(537 998 955 677 582 477)
5(1637 1008 875 924 1618)
5(1626 961 645 756 1591)
4(1609 862 550 1560)
3(455 533 464)
7(464 550 862 756 645 507 455)
5(645 961 924 875 507)
6(507 875 1008 703 533 455)
4(1572 669 574 1561)
5(1570 664 591 681 1576)
5(1561 574 453 688 1577)
6(484 584 591 664 688 453)
5(484 453 574 669 432)
6(432 661 838 625 584 484)
4(584 625 681 591)
4(1601 789 653 1567)
5(1567 653 454 574 1561)
6(328 635 669 574 454 410)
4(454 653 789 410)
4(1555 458 780 1597)
4(1617 918 863 1610)
5(1610 863 353 458 1555)
5(1597 780 589 653 1567)
4(353 589 780 458)
6(353 863 918 789 653 589)
5(1555 458 254 260 1547)
4(1611 865 780 1597)
3(220 260 254)
8(220 254 458 780 865 633 559 218)
4(1598 781 786 1599)
4(1587 748 712 1582)
6(154 665 786 781 476 153)
5(230 712 748 665 154)
4(1562 616 444 1554)
5(1554 444 114 119 1546)
5(1546 119 151 938 1621)
5(114 444 616 407 210)
5(114 210 201 151 119)
4(1564 623 829 1606)
4(277 618 620 290)
5(290 620 1043 787 261)
6(261 437 829 623 277 290)
5(1131 1106 1107 916 1616)
6(518 623 829 713 526 451)
6(526 502 721 916 1107 451)
4(451 1107 1106 518)
4(526 713 767 502)
5(1602 791 441 444 1554)
4(1574 674 741 1586)
6(441 642 657 579 616 444)
5(642 1107 916 752 657)
5(441 791 1106 1107 642)
5(657 752 741 674 579)
5(1557 498 243 385 1552)
5(1615 914 160 264 1549)
6(79 141 898 1007 1095 136)
4(160 914 898 141)
6(79 243 498 264 160 141)
4(136 385 243 79)
5(1629 971 148 119 1546)
4(647 702 733 682)
6(148 971 1040 647 682 195)
4(138 441 444 114)
6(195 682 733 791 441 138)
5(119 148 195 138 114)
5(1622 940 878 983 1631)
4(440 664 591 504)
6(591 681 983 878 876 504)
5(1596 768 226 262 1548)
4(1548 262 895 1613)
5(1630 973 843 964 1627)
5(768 1010 952 841 226)
4(841 952 964 843)
6(226 841 843 973 895 262)
5(1558 537 1100 262 1548)
5(209 806 798 1039 783)
5(209 783 768 226 152)
6(152 1101 477 969 806 209)
5(226 262 1100 1101 152)
4(477 1101 1100 537)
5(569 727 887 582 475)
4(569 875 924 727)
4(475 582 677 542)
6(542 932 1008 875 569 475)
6(204 592 1037 613 605 268)
4(347 731 592 204)
4(613 766 759 605)
5(268 645 756 347 204)
5(605 759 961 645 268)
5(1593 762 622 863 1610)
5(442 622 762 862 550)
4(442 918 863 622)
5(684 781 786 743 488)
5(895 684 488 1100 262)
5(743 998 537 1100 488)
6(472 278 254 260 498 243)
5(385 762 622 472 243)
4(278 353 458 254)
5(278 472 622 863 353)
4(453 688 554 251)
5(244 454 574 453 251)
6(251 554 865 780 589 244)
4(244 589 653 454)
5(674 741 796 748 712)
4(891 960 979 910)
5(910 979 1054 1019 962)
5(878 983 891 910 962)
4(163 977 971 148)
5(213 1016 1047 977 163)
5(119 151 213 163 148)
5(134 1018 1051 914 160)
4(160 264 172 134)
5(843 964 1071 1021 905)
4(905 857 973 843)
4(1220 987 917 1203)
4(1156 597 671 1164)
5(1193 853 833 987 1220)
5(1203 917 556 597 1156)
5(1164 671 1108 775 1179)
6(818 836 1042 825 1109 805)
4(833 853 836 818)
4(775 1108 1109 825)
6(556 917 987 833 818 805)
6(556 805 1109 1108 671 597)
4(1178 765 953 1211)
4(1211 953 742 1173)
5(1173 742 541 590 1155)
5(1155 590 300 438 1143)
5(430 695 937 438 300)
4(300 590 541 430)
6(541 742 953 765 695 430)
4(1135 346 459 1145)
5(1138 388 273 735 1171)
5(1249 1110 144 346 1135)
5(1145 459 155 198 1133)
6(1133 198 121 145 388 1138)
7(144 1110 1038 735 273 272 289)
6(155 459 346 144 289 95)
4(272 273 388 145)
4(121 198 155 95)
5(95 289 272 145 121)
5(1183 800 494 746 1174)
5(1187 809 481 603 1157)
4(1157 603 817 1188)
4(1188 817 800 1183)
6(538 494 800 817 603 481)
4(1190 835 763 1177)
5(1172 739 317 360 1136)
5(1177 763 572 799 1182)
5(1136 360 297 835 1190)
6(229 553 572 763 835 297)
4(297 360 317 229)
4(1191 840 965 1213)
4(1213 965 788 1181)
4(1181 788 448 1144)
5(1144 448 400 612 1158)
4(400 870 992 612)
6(448 788 965 840 870 400)
5(1166 694 534 751 1175)
4(1201 908 1006 1227)
5(1175 751 699 908 1201)
5(1227 1006 906 984 1219)
5(490 562 699 751 534)
5(562 906 1006 908 699)
5(1154 586 532 686 1165)
4(1194 854 849 1192)
5(1192 849 517 586 1154)
5(1218 980 740 854 1194)
5(517 849 854 740 479)
5(483 532 586 517 479)
4(1205 930 883 1198)
4(1140 395 930 1205)
5(1132 77 103 395 1140)
5(1197 882 85 77 1132)
5(74 867 970 810 94)
4(85 882 867 74)
5(74 94 103 77 85)
6(94 810 883 930 395 103)
5(1180 785 773 953 1211)
4(1205 930 785 1180)
4(879 884 1000 747)
5(765 953 773 879 747)
6(785 930 883 884 879 773)
5(1184 802 512 742 1173)
5(1167 710 425 802 1184)
5(1180 785 720 975 1217)
4(1217 975 710 1167)
6(321 649 773 953 742 512)
4(321 512 802 425)
4(720 785 773 649)
6(425 710 975 720 649 321)
4(1184 802 951 1210)
4(1210 951 803 1185)
4(1162 648 590 1155)
5(1185 803 549 648 1162)
5(541 590 648 549 450)
4(512 742 541 450)
6(450 549 803 951 802 512)
4(1176 757 951 1210)
5(1148 473 350 757 1176)
4(1168 711 473 1148)
5(1167 710 595 711 1168)
5(350 473 711 595 335)
6(335 425 802 951 757 350)
4(335 595 710 425)
5(1176 757 433 536 1150)
4(1150 536 547 1151)
5(1151 547 500 646 1161)
5(1161 646 396 803 1185)
5(359 500 547 536 433)
4(396 646 500 359)
6(359 433 757 951 803 396)
5(1142 420 404 536 1150)
5(1148 473 468 856 1196)
4(1196 856 929 1204)
4(1204 929 420 1142)
4(373 433 536 404)
4(339 468 473 350)
7(373 404 420 929 856 468 339)
5(350 757 433 373 339)
5(1149 499 369 547 1151)
4(1212 956 499 1149)
4(1159 639 956 1212)
5(1142 420 1098 639 1159)
5(369 1099 404 536 547)
4(404 1099 1098 420)
6(499 956 639 1098 1099 369)
4(1137 384 856 1196)
5(1168 711 551 644 1160)
4(1160 644 901 1199)
5(1199 901 199 384 1137)
5(371 551 711 473 468)
5(371 468 856 384 199)
5(199 901 644 551 371)
5(1149 499 427 471 1147)
4(1195 855 646 1161)
4(1189 830 855 1195)
4(1147 471 830 1189)
4(369 547 500 376)
7(376 500 646 855 830 471 427)
4(376 427 499 369)
4(1212 956 1013 1229)
4(1170 730 393 1139)
5(1229 1013 700 730 1170)
6(1139 393 313 212 471 1147)
5(313 393 730 700 320)
4(212 313 320 253)
4(253 427 471 212)
7(320 700 1013 956 499 427 253)
5(1220 987 570 558 1152)
5(1159 639 636 917 1203)
4(1152 558 1013 1229)
4(570 987 917 636)
6(570 636 639 956 1013 558)
5(1156 597 466 929 1204)
5(1135 346 285 671 1164)
5(1137 384 329 459 1145)
5(346 459 329 509 285)
6(384 856 929 466 509 329)
5(509 466 597 671 285)
4(1221 991 975 1217)
5(1140 395 383 763 1177)
5(1190 835 823 991 1221)
5(704 823 835 763 383)
6(395 930 785 720 704 383)
5(720 975 991 823 704)
4(1141 402 644 1160)
5(1221 991 408 402 1141)
4(529 595 711 551)
5(408 529 551 644 402)
6(408 991 975 710 595 529)
4(1146 460 583 1153)
4(1202 909 901 1199)
5(1153 583 496 909 1202)
5(1141 402 287 460 1146)
4(287 496 583 460)
6(402 644 901 909 496 287)
4(1154 586 583 1153)
4(1146 460 360 1136)
7(360 460 583 586 532 365 317)
4(1170 730 751 1175)
5(1183 800 428 393 1139)
6(428 495 534 751 730 393)
5(428 800 494 436 495)
5(1169 728 492 603 1157)
4(1163 659 728 1169)
5(1208 941 452 659 1163)
6(492 728 659 452 525 370)
4(481 603 492 370)
5(1162 648 687 965 1213)
4(300 438 439 301)
5(439 939 732 662 301)
6(301 662 687 648 590 300)
5(662 732 840 965 687)
5(1195 855 594 788 1181)
5(225 549 648 687 279)
6(279 594 855 646 396 225)
4(396 803 549 225)
5(279 687 965 788 594)
5(1169 728 343 448 1144)
5(1189 830 697 817 1188)
5(343 728 492 531 325)
5(492 603 817 697 531)
6(531 697 830 855 594 325)
5(325 594 788 448 343)
4(1138 388 849 1192)
5(1194 854 718 968 1215)
4(273 735 627 197)
5(627 1041 968 718 197)
6(197 718 854 849 388 273)
5(1163 659 457 903 1200)
4(400 612 523 294)
6(294 523 1002 888 426 228)
4(426 888 903 457)
6(228 426 457 659 728 343)
5(228 343 448 400 294)
5(1132 77 72 942 1209)
5(146 383 763 572 142)
6(77 103 146 142 96 72)
4(103 395 383 146)
5(1134 269 267 808 1186)
4(1201 908 269 1134)
5(1214 967 864 1006 1227)
5(267 868 959 1024 808)
4(864 967 959 868)
6(269 908 1006 864 868 267)
5(1134 269 159 558 1152)
5(185 267 808 821 238)
5(821 1074 853 833 238)
6(185 238 833 987 570 140)
5(159 269 267 185 140)
4(140 570 558 159)
6(398 466 929 420 1098 232)
5(232 636 917 556 398)
4(232 1098 639 636)
4(398 556 597 466)
4(75 1111 1110 144)
6(80 1108 775 1075 1111 75)
5(75 144 346 285 80)
4(285 671 1108 80)
4(1202 909 198 1133)
4(168 329 459 155)
4(199 384 329 168)
6(155 198 909 901 199 168)
5(528 700 730 751 699)
5(159 528 699 908 269)
5(159 558 1013 700 528)
6(145 388 849 517 467 73)
5(467 517 586 583 496)
6(73 467 496 909 198 121)
3(121 145 73)
5(175 297 835 823 191)
5(287 460 360 297 175)
5(191 408 402 287 175)
4(191 823 991 408)
3(313 428 393)
6(212 697 817 800 428 313)
4(471 830 697 212)
5(78 1015 1048 882 85)
4(72 78 85 77)
5(457 903 1050 1017 399)
4(452 659 457 399)
4(718 968 978 719)
5(719 978 1052 1014 693)
6(693 725 740 854 718 719)
5(925 1020 1072 967 864)
5(864 1006 906 900 925)
5(1321 846 729 724 1300)
5(1307 783 209 166 1253)
4(1315 828 846 1321)
4(1253 166 828 1315)
6(209 806 729 846 828 166)
5(1260 316 204 592 1280)
5(1292 654 345 316 1260)
4(1316 831 654 1292)
5(1283 613 605 831 1316)
4(204 316 345 268)
5(345 654 831 605 268)
4(1340 911 897 1336)
4(1326 866 933 1344)
5(1336 897 818 836 1318)
5(1344 933 861 911 1340)
5(1313 825 1109 866 1326)
5(818 897 911 861 805)
5(861 933 866 1109 805)
4(1259 311 158 1252)
6(1287 627 197 250 672 1294)
5(1252 158 75 1111 1417)
5(1338 902 326 311 1259)
4(1294 672 902 1338)
6(75 158 311 326 289 144)
4(197 273 272 250)
6(272 289 326 902 672 250)
5(1250 116 108 640 1289)
5(1302 750 109 116 1250)
4(1362 982 750 1302)
5(1342 922 845 982 1362)
4(108 116 109 101)
6(109 750 982 845 167 101)
5(1416 1094 129 1077 1414)
5(1414 1077 1076 546 1276)
4(1276 546 309 1258)
5(1258 309 141 898 1337)
5(141 309 546 1076 79)
5(79 1076 1077 129 136)
4(1329 880 851 1323)
5(1277 555 174 415 1266)
5(1323 851 676 948 1350)
4(1266 415 880 1329)
6(174 650 676 851 880 415)
4(1250 116 764 1303)
4(1303 764 966 1356)
5(1356 966 801 889 1332)
6(108 822 801 966 764 116)
5(1302 750 217 265 1255)
4(1255 265 516 1274)
4(1262 355 764 1303)
5(1274 516 240 355 1262)
5(118 240 516 265 217)
6(116 764 355 240 118 109)
4(118 217 750 109)
5(1261 333 182 265 1255)
5(1312 821 238 333 1261)
5(1362 982 868 959 1354)
4(120 217 265 182)
5(182 333 238 185 120)
7(185 267 868 982 750 217 120)
5(1272 485 239 1086 1415)
4(1261 333 897 1336)
4(1340 911 485 1272)
5(1415 1086 1087 516 1274)
5(265 516 1087 283 182)
4(283 1087 1086 239)
7(283 239 485 911 897 333 182)
4(1260 316 416 1267)
4(1267 416 1077 1414)
6(129 1077 416 316 204 347)
5(1292 654 288 561 1278)
5(1278 561 312 295 1256)
5(1310 819 446 416 1267)
5(1256 295 306 819 1310)
6(110 248 306 295 312 112)
6(110 345 316 416 446 248)
5(112 288 654 345 110)
4(112 312 561 288)
4(248 446 819 306)
4(1339 907 561 1278)
5(1316 831 519 478 1270)
4(1270 478 133 1251)
5(1251 133 177 907 1339)
5(133 478 519 193 177)
5(193 519 831 654 288)
5(193 288 561 907 177)
4(1339 907 933 1344)
5(1326 866 147 158 1252)
4(1259 311 295 1256)
5(147 312 295 311 158)
6(147 866 933 907 561 312)
5(1285 619 540 546 1276)
4(1310 819 1064 1409)
4(1409 1064 619 1285)
4(378 1076 546 540)
5(446 416 1077 1076 378)
6(378 540 619 1064 819 446)
4(1321 846 478 1270)
5(478 846 729 793 519)
5(793 759 605 831 519)
5(1360 978 719 851 1323)
5(1329 880 689 672 1294)
7(250 689 880 851 719 718 197)
3(672 689 250)
5(1351 952 841 966 1356)
5(1262 355 92 166 1253)
4(152 209 166 92)
7(92 355 764 966 841 226 152)
5(1330 886 271 309 1258)
5(1285 619 357 415 1266)
6(259 318 540 546 309 271)
6(174 415 357 318 259 242)
4(357 619 540 318)
5(1272 485 169 133 1251)
4(1315 828 1086 1415)
7(169 239 1086 828 846 478 133)
3(169 485 239)
5(333 897 818 833 238)
4(133 177 192 169)
5(192 861 911 485 169)
5(177 907 933 861 192)
4(80 147 158 75)
5(80 1108 1109 866 147)
4(1338 902 1064 1409)
4(306 326 311 295)
5(306 819 1064 902 326)
6(134 222 271 309 141 160)
6(845 982 868 864 925 872)
4(693 719 851 676)
5(905 843 841 966 801)
4(415 880 689 357)
6(357 689 672 902 1064 619)
4(76 1087 516 240)
6(92 166 828 1086 1087 76)
4(76 240 355 92)
5(1273 487 431 652 1291)
5(1353 958 682 647 1290)
4(1291 652 957 1352)
5(1286 620 290 487 1273)
4(1352 957 958 1353)
5(277 322 431 487 290)
7(322 733 682 958 957 652 431)
4(1335 896 666 1293)
4(1298 708 896 1335)
5(1284 614 563 708 1298)
5(1268 439 301 614 1284)
5(300 430 563 614 301)
6(430 695 666 896 708 563)
4(1301 745 771 1304)
4(1297 685 963 1355)
5(1304 771 581 794 1308)
5(1370 997 683 745 1301)
4(1355 963 997 1370)
5(581 771 745 683 705)
6(683 997 963 685 744 705)
5(1275 523 294 391 1264)
4(1264 391 848 1322)
4(1343 926 782 1306)
4(1322 848 926 1343)
7(294 400 870 782 926 848 391)
4(1314 826 1022 1378)
5(1378 1022 832 842 1320)
4(1320 842 386 1263)
5(1263 386 74 867 1327)
5(74 386 842 832 94)
5(94 832 1022 826 810)
5(1281 598 463 869 1328)
4(1358 976 1036 1386)
5(1386 1036 923 947 1349)
5(1328 869 827 976 1358)
4(503 827 869 463)
6(503 899 923 1036 976 827)
4(1363 988 852 1324)
4(1279 575 820 1311)
5(1348 946 565 575 1279)
4(1311 820 988 1363)
7(565 588 814 852 988 820 575)
4(1319 839 1022 1378)
5(1335 896 779 839 1319)
5(747 879 779 896 666)
6(779 879 884 826 1022 839)
4(1319 839 397 1265)
4(1347 944 842 1320)
5(1265 397 1104 723 1299)
5(1299 723 734 944 1347)
5(734 1102 832 842 944)
4(723 1104 1102 734)
6(839 1022 832 1102 1104 397)
5(1298 708 626 913 1341)
5(1341 913 474 482 1271)
6(1271 482 205 349 397 1265)
5(184 211 462 349 205)
4(205 482 474 184)
6(211 626 708 896 779 462)
5(349 462 779 839 397)
5(184 474 913 626 211)
4(1373 1001 913 1341)
4(1305 772 1001 1373)
4(1284 614 602 1282)
5(1282 602 522 772 1305)
5(522 602 614 563 585)
4(563 708 626 585)
6(585 626 913 1001 772 522)
4(1373 1001 860 1325)
4(1325 860 443 1269)
5(1269 443 364 771 1304)
4(1301 745 482 1271)
5(474 482 745 771 364)
6(443 860 1001 913 474 364)
5(1305 772 247 233 1254)
5(1254 233 219 652 1291)
5(1273 487 679 860 1325)
5(233 247 245 275 219)
5(245 679 487 431 275)
4(275 431 652 219)
6(247 772 1001 860 679 245)
5(1296 680 338 391 1264)
4(1288 638 680 1296)
5(1331 888 426 638 1288)
5(338 680 638 426 228)
4(294 391 338 228)
5(1257 304 421 848 1322)
5(1296 680 632 834 1317)
5(1295 675 308 304 1257)
5(1317 834 486 675 1295)
5(303 421 304 308 227)
6(266 632 680 338 303 227)
5(227 308 675 486 266)
4(486 834 632 266)
5(338 391 848 421 303)
5(1343 926 641 602 1282)
5(614 602 641 662 301)
5(641 926 782 732 662)
4(1257 304 233 1254)
6(247 233 304 421 284 188)
5(284 641 602 522 188)
4(188 522 772 247)
5(421 848 926 641 284)
5(1334 894 257 386 1263)
4(1347 944 869 1328)
7(257 469 463 869 944 842 386)
5(1288 638 434 893 1333)
4(1363 988 834 1317)
5(434 638 680 632 604)
6(632 834 988 852 815 604)
5(1361 979 910 1036 1386)
5(1358 976 919 963 1355)
5(685 963 919 811 608)
6(811 919 976 1036 910 891)
5(1279 575 163 977 1359)
5(1353 958 709 820 1311)
4(195 709 958 682)
6(163 575 820 709 195 148)
4(1295 675 957 1352)
4(219 308 304 233)
5(219 652 957 675 308)
6(1309 797 206 263 443 1269)
6(196 261 290 487 679 236)
4(196 236 263 206)
5(236 679 860 443 263)
6(263 364 771 581 521 206)
3(263 443 364)
4(1370 997 723 1299)
4(205 349 1105 323)
5(323 683 745 482 205)
6(323 1105 1104 723 997 683)
4(397 1104 1105 349)
6(85 78 180 257 386 74)
4(213 565 575 163)
4(910 1036 923 962)
6(399 457 426 638 434 372)
5(675 957 958 709 486)
5(709 820 988 834 486)
5(734 944 869 827 871)
6(734 871 919 963 997 723)
4(827 976 919 871)
4(68 84 89 69)
6(93 126 186 203 128 98)
6(100 1085 106 183 280 111)
6(68 97 171 337 324 84)
6(89 1084 143 194 202 69)
6(97 202 194 98 128 171)
8(84 324 299 237 106 1085 1084 89)
5(111 280 344 149 173)
7(237 299 491 511 344 280 183)
5(128 203 293 337 171)
5(186 511 491 293 203)
3(106 237 183)
4(69 202 97 68)
4(93 173 149 126)
4(143 1084 1085 100)
7(98 194 143 100 111 173 93)
5(293 491 299 324 337)
5(149 344 511 186 126)
5(207 282 270 363 258)
6(127 1089 176 157 165 117)
6(137 161 330 505 1089 127)
4(176 651 281 157)
4(270 282 414 156)
6(157 281 207 258 539 165)
6(104 296 292 363 270 156)
6(281 651 412 414 282 207)
6(156 414 412 505 330 104)
4(104 330 161 296)
7(117 165 539 292 296 161 137)
5(176 1089 505 412 651)
3(117 137 127)
4(363 292 539 258)
5(82 90 105 88 81)
4(87 1083 107 286)
5(88 560 465 530 81)
6(124 334 736 557 286 107)
4(82 568 1082 90)
7(576 571 105 90 1082 1083 87)
5(530 465 609 717 449)
5(560 770 850 609 465)
5(124 352 449 717 334)
4(286 557 576 87)
5(105 571 770 560 88)
6(107 1083 1082 568 352 124)
6(81 530 449 352 568 82)
5(717 609 850 736 334)
6(557 736 850 770 571 576)
4(130 274 527 235)
5(81 447 435 543 88)
6(84 252 413 130 235 68)
5(69 1097 82 90 89)
6(89 90 105 617 252 84)
6(216 784 615 543 435 208)
5(130 413 784 216 274)
7(68 235 527 716 1096 1097 69)
5(435 447 1096 716 208)
5(88 543 615 617 105)
5(82 1097 1096 447 81)
5(208 716 527 274 216)
5(252 617 615 784 413)
5(270 593 738 607 282)
5(122 258 207 128 98)
5(363 778 774 593 270)
6(128 207 282 607 630 203)
6(186 203 630 323 205 184)
4(593 774 1103 738)
6(93 126 211 462 824 123)
6(630 607 738 1103 1105 323)
4(93 123 122 98)
7(349 1105 1103 774 778 824 462)
6(123 824 778 363 258 122)
4(186 184 211 126)
5(286 715 367 1081 107)
5(303 424 1081 367 227)
4(87 1083 1085 106)
7(125 314 284 188 379 280 111)
6(280 379 245 275 698 183)
6(106 183 698 715 286 87)
8(100 1085 1083 107 1081 424 314 125)
7(219 308 227 367 715 698 275)
3(100 125 111)
4(247 245 379 188)
5(314 424 303 421 284)
4(127 1089 1088 200)
7(181 234 176 157 249 235 130)
4(165 510 249 157)
6(110 248 200 1088 234 181)
5(110 181 130 274 112)
7(329 509 527 235 249 510 168)
6(95 155 168 510 165 117)
8(147 312 112 274 527 509 285 80)
4(234 1088 1089 176)
8(117 127 200 248 306 326 289 95)
5(91 465 530 409 70)
4(461 560 465 91)
6(76 1087 283 435 543 139)
7(70 118 240 76 139 461 91)
6(164 447 435 283 182 120)
6(70 409 164 120 217 118)
5(88 560 461 139 543)
5(447 164 409 530 81)
5(223 362 368 259 318)
7(243 472 1088 200 378 1076 79)
8(102 224 246 330 505 278 254 220)
7(161 330 246 356 362 223 170)
3(161 170 137)
5(278 505 1089 1088 472)
8(137 170 223 318 540 378 200 127)
7(298 392 367 1081 1080 327 179)
4(334 327 1080 124)
5(286 715 642 657 557)
4(124 1080 1081 107)
6(138 441 642 715 367 392)
7(327 334 736 189 315 501 179)
6(189 736 557 657 579 241)
6(138 392 298 624 210 114)
5(171 281 157 249 97)
4(252 480 324 84)
6(234 381 464 455 389 181)
7(171 337 276 255 342 651 281)
4(181 389 413 130)
4(97 249 235 68)
6(276 337 324 480 366 307)
5(176 651 342 381 234)
8(413 389 455 533 514 366 480 252)
6(270 593 351 221 1079 156)
6(251 453 484 607 282 414)
7(156 1079 418 422 554 251 414)
5(351 593 738 890 506)
5(584 890 738 607 484)
6(580 506 890 584 591 504)
7(302 370 492 531 1080 327 187)
5(424 1081 1080 531 325)
4(266 392 367 227)
3(187 327 179)
6(266 632 604 578 298 392)
6(338 303 424 325 343 228)
3(202 214 194)
4(89 1084 1082 90)
7(69 1097 1099 404 373 214 202)
7(359 500 376 568 1082 1084 143)
6(568 376 369 1099 1097 82)
6(194 214 373 433 359 143)
4(171 281 207 128)
8(202 214 339 468 371 510 249 97)
6(510 371 551 529 539 165)
7(122 335 350 339 214 194 98)
6(258 539 529 595 335 122)
3(237 390 299)
8(87 576 417 520 406 390 237 106)
6(105 617 634 403 332 571)
4(1083 1085 1084 1082)
7(299 390 406 489 508 480 324)
4(417 576 571 332)
6(480 508 567 634 617 252)
3(344 379 280)
7(173 450 541 430 563 585 149)
4(125 314 279 225)
6(125 225 549 450 173 111)
6(149 585 522 188 379 344)
6(314 284 641 662 687 279)
6(91 465 609 348 1090 86)
8(310 717 449 320 313 428 495 358)
4(70 91 86 71)
7(71 749 562 699 528 409 70)
6(449 530 409 528 700 320)
4(348 609 717 310)
5(99 1078 1079 156 104)
7(104 296 175 297 229 336 99)
6(146 774 593 351 401 142)
4(175 296 292 191)
5(383 704 778 774 146)
6(292 363 778 704 823 191)
6(196 382 513 491 511 236)
6(237 390 526 451 698 183)
6(275 698 451 518 322 431)
6(299 491 513 713 526 390)
6(511 344 379 245 679 236)
7(223 362 692 479 517 467 178)
3(178 467 73)
9(145 272 250 689 357 318 223 178 73)
7(110 345 268 645 507 389 181)
6(381 442 622 472 1088 234)
3(389 507 455)
4(200 378 446 248)
8(91 461 488 684 493 637 132 86)
6(461 560 770 658 743 488)
7(131 850 609 348 419 374 162)
6(154 665 658 770 850 131)
5(293 423 380 630 203)
4(244 412 414 251)
5(432 484 607 630 380)
5(276 456 423 293 337)
6(244 454 410 342 651 412)
6(323 683 705 628 380 630)
5(423 573 513 491 293)
7(186 511 236 263 364 474 184)
5(92 152 1101 139 76)
7(216 784 569 727 793 519 193)
6(169 239 283 435 208 192)
7(139 1101 477 582 475 615 543)
5(192 208 216 193 177)
4(569 784 615 475)
7(352 253 212 697 531 1080 124)
4(253 352 449 320)
7(187 331 375 310 717 334 327)
6(70 118 109 101 135 71)
5(461 488 1100 1101 139)
5(112 288 193 216 274)
6(413 784 569 875 507 389)
5(698 715 642 1107 451)
4(390 526 502 406)
5(417 752 657 557 576)
4(398 716 1096 232)
4(199 371 510 168)
5(1096 1097 1099 1098 232)
3(339 373 214)
5(466 509 527 716 398)
6(99 113 1093 246 330 104)
6(412 505 278 353 589 244)
4(164 140 185 120)
7(164 447 1096 232 636 570 140)
7(192 861 805 556 398 716 208)
8(161 296 175 287 496 467 178 170)
3(178 223 170)
6(734 1102 1103 738 890 871)
6(503 827 871 890 506 577)
7(103 146 774 1103 1102 832 94)
5(159 528 409 164 140)
6(93 173 450 512 321 123)
6(462 824 649 773 879 779)
4(321 649 824 123)
5(126 211 626 585 149)
5(332 571 770 658 429)
5(475 615 617 634 542)
5(253 427 376 568 352)
6(100 143 359 396 225 125)
5(279 594 325 424 314)
6(584 890 871 919 811 625)
4(1103 1105 1104 1102)
7(73 178 170 137 117 95 121)
5(191 408 529 539 292)
6(195 709 486 266 392 138)
5(122 335 425 321 123)
3(366 508 480)
4(131 850 736 189)
5(720 704 778 824 649)
8(1418 1440 1436 1426 1745 1460 1749 1427)
8(1418 1427 1748 1469 1752 1439 1422 1438)
6(1418 1438 1457 1448 1424 1440)
8(1419 1455 1468 1456 1800 1465 1796 1432)
9(1419 1432 1797 1461 1792 1449 1459 1441 1420)
6(1419 1420 1481 1446 1442 1455)
6(1420 1441 1436 1440 1424 1481)
9(1421 1429 1428 1454 1788 1467 1784 1444 1433)
7(1421 1433 1431 1423 1448 1457 1435)
6(1421 1435 1430 1445 1453 1429)
9(1422 1439 1753 1462 1756 1452 1425 1445 1430)
5(1422 1430 1435 1457 1438)
5(1423 1446 1481 1424 1448)
9(1423 1431 1437 1780 1466 1776 1434 1442 1446)
8(1425 1451 1760 1463 1765 1443 1453 1445)
8(1425 1452 1757 1478 1716 1471 1761 1451)
4(9 1745 1426 1744)
4(9 1744 1470 1684)
4(9 1687 1460 1745)
8(1426 1436 1441 1459 1450 1740 1470 1744)
4(10 1748 1427 1749)
4(10 1749 1460 1687)
4(10 1689 1469 1748)
8(1428 1429 1453 1443 1764 1464 1768 1447)
8(1428 1447 1769 1476 1722 1479 1789 1454)
7(1431 1433 1444 1785 1477 1781 1437)
4(22 1797 1432 1796)
4(22 1796 1465 1711)
4(22 1709 1461 1797)
4(17 1777 1434 1776)
4(17 1776 1466 1703)
4(17 1701 1480 1777)
8(1434 1777 1480 1772 1458 1468 1455 1442)
4(18 1780 1437 1781)
4(18 1781 1477 1705)
4(18 1703 1466 1780)
4(11 1753 1439 1752)
4(11 1752 1469 1689)
4(11 1691 1462 1753)
4(14 1764 1443 1765)
4(14 1765 1463 1695)
4(14 1698 1464 1764)
4(19 1785 1444 1784)
4(19 1784 1467 1707)
4(19 1705 1477 1785)
4(15 1769 1447 1768)
4(15 1768 1464 1698)
4(15 1654 1476 1769)
4(21 1793 1449 1792)
4(21 1792 1461 1709)
4(21 1651 1475 1793)
8(1449 1793 1475 1719 1474 1741 1450 1459)
4(8 1740 1450 1741)
4(8 1741 1474 1649)
4(8 1684 1470 1740)
4(13 1760 1451 1761)
4(13 1761 1471 1645)
4(13 1695 1463 1760)
4(12 1757 1452 1756)
4(12 1756 1462 1691)
4(12 1644 1478 1757)
4(20 1788 1454 1789)
4(20 1789 1479 1655)
4(20 1707 1467 1788)
4(23 1800 1456 1801)
4(23 1801 1472 1660)
4(23 1711 1465 1800)
8(1456 1468 1458 1773 1473 1725 1472 1801)
4(16 1773 1458 1772)
4(16 1772 1480 1701)
4(16 1658 1473 1773)
4(0 1645 1471 1716)
4(0 1716 1478 1644)
4(3 1660 1472 1725)
4(3 1725 1473 1658)
4(1 1649 1474 1719)
4(1 1719 1475 1651)
4(2 1722 1476 1654)
4(2 1655 1479 1722)
7(1482 1484 1507 1492 1504 1500 1487)
5(1482 1487 1494 1490 1503)
6(1482 1503 1512 1510 1545 1484)
8(1483 1522 1853 1544 1734 1540 1833 1515)
8(1483 1515 1832 1526 1828 1498 1496 1489)
9(1483 1489 1500 1504 1508 1848 1530 1852 1522)
5(1484 1545 1495 1516 1507)
8(1485 1510 1512 1499 1813 1524 1809 1497)
8(1485 1497 1808 1533 1804 1518 1486 1493)
6(1485 1493 1491 1495 1545 1510)
8(1486 1518 1805 1537 1731 1539 1857 1513)
9(1486 1513 1856 1527 1861 1501 1488 1491 1493)
6(1487 1500 1489 1496 1511 1494)
6(1488 1517 1509 1516 1495 1491)
8(1488 1501 1860 1532 1864 1520 1514 1517)
8(1490 1506 1816 1531 1812 1499 1512 1503)
9(1490 1494 1511 1534 1521 1820 1529 1817 1506)
7(1492 1505 1845 1541 1849 1508 1504)
9(1492 1507 1516 1509 1502 1840 1528 1844 1505)
8(1496 1498 1829 1525 1824 1519 1534 1511)
4(25 1808 1497 1809)
4(25 1809 1524 1647)
4(25 1714 1533 1808)
4(30 1829 1498 1828)
4(30 1828 1526 1667)
4(30 1662 1525 1829)
4(26 1813 1499 1812)
4(26 1812 1531 1650)
4(26 1647 1524 1813)
4(38 1860 1501 1861)
4(38 1861 1527 1690)
4(38 1693 1532 1860)
4(33 1840 1502 1841)
4(33 1841 1542 1673)
4(33 1678 1528 1840)
8(1502 1509 1517 1514 1523 1836 1542 1841)
4(34 1845 1505 1844)
4(34 1844 1528 1678)
4(34 1682 1541 1845)
4(27 1816 1506 1817)
4(27 1817 1529 1653)
4(27 1650 1531 1816)
4(35 1848 1508 1849)
4(35 1849 1541 1682)
4(35 1685 1530 1848)
4(37 1856 1513 1857)
4(37 1857 1539 1670)
4(37 1690 1527 1856)
8(1514 1520 1865 1536 1737 1535 1837 1523)
4(31 1832 1515 1833)
4(31 1833 1540 1674)
4(31 1667 1526 1832)
4(24 1805 1518 1804)
4(24 1804 1533 1714)
4(24 1669 1537 1805)
4(29 1825 1519 1824)
4(29 1824 1525 1662)
4(29 1665 1538 1825)
8(1519 1825 1538 1728 1543 1821 1521 1534)
4(39 1865 1520 1864)
4(39 1864 1532 1693)
4(39 1680 1536 1865)
4(28 1820 1521 1821)
4(28 1821 1543 1664)
4(28 1653 1529 1820)
4(36 1853 1522 1852)
4(36 1852 1530 1685)
4(36 1675 1544 1853)
4(32 1836 1523 1837)
4(32 1837 1535 1679)
4(32 1673 1542 1836)
4(7 1679 1535 1737)
4(7 1737 1536 1680)
4(5 1731 1537 1669)
4(5 1670 1539 1731)
4(4 1728 1538 1665)
4(4 1664 1543 1728)
4(6 1674 1540 1734)
4(6 1734 1544 1675)
8(1546 1621 1758 1634 1755 1590 1562 1554)
8(1546 1554 1602 1580 1901 1119 1896 1629)
8(1546 1629 1897 1121 1717 1128 1759 1621)
9(1547 1569 1811 1632 1815 1578 1611 1597 1555)
6(1547 1555 1610 1593 1552 1557)
8(1547 1557 1549 1614 1806 1112 1810 1569)
6(1548 1558 1635 1599 1598 1613)
8(1548 1613 1630 1627 1868 1638 1872 1596)
8(1548 1596 1873 1118 1877 1604 1628 1558)
8(1549 1557 1552 1130 1889 1636 1892 1615)
8(1549 1615 1893 1123 1732 1122 1807 1614)
6(1550 1601 1567 1561 1572 1565)
6(1550 1565 1592 1623 1605 1551)
6(1550 1551 1581 1560 1617 1601)
6(1551 1605 1559 1620 1637 1581)
9(1552 1593 1609 1591 1584 1884 1640 1888 1130)
8(1553 1600 1909 1120 1905 1563 1564 1606)
6(1553 1606 1595 1623 1592 1585)
8(1553 1585 1608 1589 1912 1126 1908 1600)
7(1554 1562 1574 1586 1616 1131 1602)
6(1555 1597 1567 1601 1617 1610)
6(1556 1603 1587 1599 1635 1624)
6(1556 1624 1575 1620 1559 1566)
6(1556 1566 1583 1616 1586 1603)
6(1558 1628 1612 1575 1624 1635)
6(1559 1605 1623 1595 1583 1566)
7(1560 1581 1637 1618 1626 1591 1609)
5(1560 1609 1593 1610 1617)
7(1561 1577 1570 1576 1607 1568 1572)
5(1561 1567 1597 1611 1577)
8(1562 1590 1754 1642 1750 1579 1582 1574)
4(49 1904 1563 1905)
4(49 1905 1120 1712)
4(49 1710 1643 1904)
8(1563 1904 1643 1900 1580 1602 1131 1564)
6(1564 1131 1616 1583 1595 1606)
6(1565 1572 1568 1608 1585 1592)
8(1568 1607 1571 1917 1114 1913 1589 1608)
4(25 1811 1569 1810)
4(25 1810 1112 1714)
4(25 1647 1632 1811)
8(1570 1577 1611 1578 1814 1641 1818 1588)
8(1570 1588 1819 1639 1822 1622 1631 1576)
4(52 1917 1571 1916)
4(52 1916 1113 1648)
4(52 1715 1114 1917)
8(1571 1607 1576 1631 1625 1920 1113 1916)
4(9 1746 1573 1747)
4(9 1747 1633 1687)
4(9 1684 1116 1746)
8(1573 1746 1116 1742 1619 1630 1613 1598)
9(1573 1598 1599 1587 1582 1579 1751 1633 1747)
5(1574 1582 1587 1603 1586)
5(1575 1612 1618 1637 1620)
4(26 1814 1578 1815)
4(26 1815 1632 1647)
4(26 1650 1641 1814)
4(10 1751 1579 1750)
4(10 1750 1642 1689)
4(10 1687 1633 1751)
4(48 1901 1580 1900)
4(48 1900 1643 1710)
4(48 1708 1119 1901)
4(44 1884 1584 1885)
4(44 1885 1117 1702)
4(44 1704 1640 1884)
7(1584 1591 1626 1594 1881 1117 1885)
4(27 1819 1588 1818)
4(27 1818 1641 1650)
4(27 1653 1639 1819)
4(51 1912 1589 1913)
4(51 1913 1114 1715)
4(51 1713 1126 1912)
4(11 1754 1590 1755)
4(11 1755 1634 1691)
4(11 1689 1642 1754)
9(1594 1626 1618 1612 1628 1604 1876 1115 1880)
4(43 1881 1594 1880)
4(43 1880 1115 1700)
4(43 1702 1117 1881)
4(41 1873 1596 1872)
4(41 1872 1638 1696)
4(41 1699 1118 1873)
4(50 1909 1600 1908)
4(50 1908 1126 1713)
4(50 1712 1120 1909)
4(42 1876 1604 1877)
4(42 1877 1118 1699)
4(42 1700 1115 1876)
4(24 1806 1614 1807)
4(24 1807 1122 1669)
4(24 1714 1112 1806)
4(46 1893 1615 1892)
4(46 1892 1636 1706)
4(46 1671 1123 1893)
4(8 1743 1619 1742)
4(8 1742 1116 1684)
4(8 1649 1125 1743)
8(1619 1743 1125 1720 1129 1869 1627 1630)
4(12 1758 1621 1759)
4(12 1759 1128 1644)
4(12 1691 1634 1758)
4(28 1823 1622 1822)
4(28 1822 1639 1653)
4(28 1664 1127 1823)
8(1622 1823 1127 1729 1124 1921 1625 1631)
4(53 1920 1625 1921)
4(53 1921 1124 1666)
4(53 1648 1113 1920)
4(40 1868 1627 1869)
4(40 1869 1129 1652)
4(40 1696 1638 1868)
4(47 1897 1629 1896)
4(47 1896 1119 1708)
4(47 1646 1121 1897)
4(45 1706 1636 1889)
4(45 1889 1130 1888)
4(45 1888 1640 1704)
4(0 1717 1121 1646)
4(0 1644 1128 1717)
4(5 1669 1122 1732)
4(5 1732 1123 1671)
4(4 1666 1124 1729)
4(4 1729 1127 1664)
4(1 1720 1125 1649)
4(1 1652 1129 1720)
8(1132 1140 1205 1198 1972 1216 1976 1197)
8(1132 1197 1977 1236 1735 1243 1855 1209)
8(1132 1209 1854 1231 1851 1182 1177 1140)
9(1133 1138 1171 1944 1232 1940 1249 1135 1145)
5(1133 1145 1137 1199 1202)
6(1133 1202 1153 1154 1192 1138)
8(1134 1186 1928 1230 1924 1214 1227 1201)
6(1134 1201 1175 1170 1229 1152)
8(1134 1152 1220 1193 1933 1247 1929 1186)
7(1135 1249 1941 1248 1937 1179 1164)
7(1135 1164 1156 1204 1196 1137 1145)
5(1136 1146 1141 1221 1190)
8(1136 1190 1177 1182 1850 1240 1846 1172)
9(1136 1172 1847 1225 1843 1165 1154 1153 1146)
6(1137 1196 1148 1168 1160 1199)
8(1138 1192 1194 1215 1948 1233 1945 1171)
6(1139 1147 1149 1212 1229 1170)
9(1139 1170 1175 1166 1779 1226 1783 1174 1183)
5(1139 1183 1188 1189 1147)
7(1140 1177 1190 1221 1217 1180 1205)
6(1141 1160 1168 1167 1217 1221)
6(1141 1146 1153 1202 1199 1160)
5(1142 1204 1156 1203 1159)
6(1142 1159 1212 1149 1151 1150)
6(1142 1150 1176 1148 1196 1204)
4(64 1964 1143 1965)
4(64 1965 1207 1688)
4(64 1692 1206 1964)
8(1143 1964 1206 1968 1178 1211 1173 1155)
8(1143 1155 1162 1213 1191 1961 1207 1965)
8(1144 1169 1163 1200 1952 1224 1957 1158)
8(1144 1158 1956 1222 1960 1191 1213 1181)
7(1144 1181 1195 1189 1188 1157 1169)
6(1147 1189 1195 1161 1151 1149)
6(1148 1176 1210 1184 1167 1168)
6(1150 1151 1161 1185 1210 1176)
6(1152 1229 1212 1159 1203 1220)
8(1154 1165 1842 1241 1838 1218 1194 1192)
6(1155 1173 1184 1210 1185 1162)
9(1156 1164 1179 1936 1234 1932 1193 1220 1203)
8(1157 1188 1183 1174 1782 1242 1786 1187)
8(1157 1187 1787 1228 1790 1208 1163 1169)
4(62 1956 1158 1957)
4(62 1957 1224 1683)
4(62 1686 1222 1956)
6(1161 1195 1181 1213 1162 1185)
8(1163 1208 1791 1244 1723 1237 1953 1200)
4(33 1842 1165 1843)
4(33 1843 1225 1678)
4(33 1673 1241 1842)
8(1166 1175 1201 1227 1219 1774 1246 1778)
4(17 1779 1166 1778)
4(17 1778 1246 1701)
4(17 1703 1226 1779)
6(1167 1184 1173 1211 1180 1217)
4(59 1944 1171 1945)
4(59 1945 1233 1677)
4(59 1672 1232 1944)
4(34 1847 1172 1846)
4(34 1846 1240 1682)
4(34 1678 1225 1847)
4(18 1782 1174 1783)
4(18 1783 1226 1703)
4(18 1705 1242 1782)
4(65 1969 1178 1968)
4(65 1968 1206 1692)
4(65 1694 1223 1969)
8(1178 1969 1223 1973 1198 1205 1180 1211)
4(57 1936 1179 1937)
4(57 1937 1248 1668)
4(57 1663 1234 1936)
4(35 1850 1182 1851)
4(35 1851 1231 1685)
4(35 1682 1240 1850)
4(55 1928 1186 1929)
4(55 1929 1247 1659)
4(55 1657 1230 1928)
4(19 1787 1187 1786)
4(19 1786 1242 1705)
4(19 1707 1228 1787)
4(63 1961 1191 1960)
4(63 1960 1222 1686)
4(63 1688 1207 1961)
4(56 1933 1193 1932)
4(56 1932 1234 1663)
4(56 1659 1247 1933)
8(1194 1218 1839 1235 1738 1238 1949 1215)
4(67 1977 1197 1976)
4(67 1976 1216 1697)
4(67 1676 1236 1977)
4(66 1972 1198 1973)
4(66 1973 1223 1694)
4(66 1697 1216 1972)
4(61 1952 1200 1953)
4(61 1953 1237 1656)
4(61 1683 1224 1952)
4(20 1791 1208 1790)
4(20 1790 1228 1707)
4(20 1655 1244 1791)
4(36 1854 1209 1855)
4(36 1855 1243 1675)
4(36 1685 1231 1854)
4(54 1925 1214 1924)
4(54 1924 1230 1657)
4(54 1661 1245 1925)
8(1214 1925 1245 1726 1239 1775 1219 1227)
4(60 1948 1215 1949)
4(60 1949 1238 1681)
4(60 1677 1233 1948)
4(32 1839 1218 1838)
4(32 1838 1241 1673)
4(32 1679 1235 1839)
4(16 1774 1219 1775)
4(16 1775 1239 1658)
4(16 1701 1246 1774)
4(58 1940 1232 1672)
4(58 1668 1248 1941)
4(58 1941 1249 1940)
4(7 1738 1235 1679)
4(7 1681 1238 1738)
4(6 1735 1236 1676)
4(6 1675 1243 1735)
4(2 1656 1237 1723)
4(2 1723 1244 1655)
4(3 1658 1239 1726)
4(3 1726 1245 1661)
6(1250 1302 1255 1274 1262 1303)
8(1250 1303 1356 1332 1794 1364 1799 1289)
8(1250 1289 1798 1375 1802 1342 1362 1302)
6(1251 1339 1278 1292 1316 1270)
6(1251 1270 1321 1315 1415 1272)
5(1251 1272 1340 1344 1339)
7(1252 1326 1313 1939 1413 1943 1417)
9(1252 1417 1942 1388 1946 1287 1294 1338 1259)
7(1252 1259 1256 1278 1339 1344 1326)
9(1253 1307 1875 1377 1870 1351 1356 1303 1262)
5(1253 1262 1274 1415 1315)
8(1253 1315 1321 1300 1878 1389 1874 1307)
5(1254 1257 1295 1352 1291)
6(1254 1291 1273 1325 1373 1305)
6(1254 1305 1282 1343 1322 1257)
9(1255 1302 1362 1354 1926 1380 1930 1312 1261)
7(1255 1261 1336 1340 1272 1415 1274)
5(1256 1259 1338 1409 1310)
6(1256 1310 1267 1260 1292 1278)
6(1257 1322 1264 1296 1317 1295)
8(1258 1330 1859 1406 1733 1399 1895 1337)
8(1258 1337 1894 1376 1890 1416 1414 1276)
9(1258 1276 1285 1266 1277 1863 1371 1858 1330)
8(1260 1267 1414 1416 1891 1379 1887 1280)
8(1260 1280 1886 1387 1882 1283 1316 1292)
7(1261 1312 1931 1412 1935 1318 1336)
8(1263 1334 1835 1407 1736 1397 1979 1327)
8(1263 1327 1978 1357 1974 1314 1378 1320)
9(1263 1320 1347 1328 1281 1831 1369 1834 1334)
8(1264 1322 1343 1306 1962 1365 1958 1275)
8(1264 1275 1959 1374 1954 1331 1288 1296)
6(1265 1319 1335 1298 1341 1271)
5(1265 1271 1301 1370 1299)
6(1265 1299 1347 1320 1378 1319)
8(1266 1329 1323 1350 1866 1381 1862 1277)
6(1266 1285 1409 1338 1294 1329)
6(1267 1310 1409 1285 1276 1414)
8(1268 1284 1298 1335 1293 1970 1345 1966)
4(64 1967 1268 1966)
4(64 1966 1345 1692)
4(64 1688 1346 1967)
8(1268 1967 1346 1963 1306 1343 1282 1284)
8(1269 1325 1273 1286 1907 1393 1910 1309)
7(1269 1309 1911 1404 1915 1308 1304)
7(1269 1304 1301 1271 1341 1373 1325)
8(1270 1316 1283 1883 1385 1879 1300 1321)
9(1273 1291 1352 1353 1290 1902 1382 1906 1286)
4(62 1959 1275 1958)
4(62 1958 1365 1686)
4(62 1683 1374 1959)
4(38 1863 1277 1862)
4(38 1862 1381 1693)
4(38 1690 1371 1863)
8(1279 1359 1898 1390 1903 1290 1353 1311)
8(1279 1311 1363 1324 1766 1366 1762 1348)
8(1279 1348 1763 1394 1718 1396 1899 1359)
4(44 1886 1280 1887)
4(44 1887 1379 1704)
4(44 1702 1387 1886)
8(1281 1328 1358 1386 1349 1826 1367 1830)
4(30 1831 1281 1830)
4(30 1830 1367 1662)
4(30 1667 1369 1831)
6(1282 1305 1373 1341 1298 1284)
4(43 1883 1283 1882)
4(43 1882 1387 1702)
4(43 1700 1385 1883)
4(49 1907 1286 1906)
4(49 1906 1382 1710)
4(49 1712 1393 1907)
4(59 1947 1287 1946)
4(59 1946 1388 1672)
4(59 1677 1391 1947)
8(1287 1947 1391 1950 1360 1323 1329 1294)
9(1288 1333 1770 1368 1767 1324 1363 1317 1296)
8(1288 1331 1955 1398 1724 1408 1771 1333)
4(22 1798 1289 1799)
4(22 1799 1364 1709)
4(22 1711 1375 1798)
4(48 1902 1290 1903)
4(48 1903 1390 1708)
4(48 1710 1382 1902)
8(1293 1335 1319 1378 1314 1975 1372 1971)
4(65 1970 1293 1971)
4(65 1971 1372 1694)
4(65 1692 1345 1970)
6(1295 1317 1363 1311 1353 1352)
9(1297 1355 1370 1301 1304 1308 1914 1384 1918)
4(52 1919 1297 1918)
4(52 1918 1384 1715)
4(52 1648 1383 1919)
8(1297 1919 1383 1922 1361 1386 1358 1355)
6(1299 1370 1355 1358 1328 1347)
4(42 1878 1300 1879)
4(42 1879 1385 1700)
4(42 1699 1389 1878)
4(63 1962 1306 1963)
4(63 1963 1346 1688)
4(63 1686 1365 1962)
4(41 1875 1307 1874)
4(41 1874 1389 1699)
4(41 1696 1377 1875)
4(51 1914 1308 1915)
4(51 1915 1404 1713)
4(51 1715 1384 1914)
4(50 1911 1309 1910)
4(50 1910 1393 1712)
4(50 1713 1404 1911)
4(55 1931 1312 1930)
4(55 1930 1380 1657)
4(55 1659 1412 1931)
9(1313 1326 1344 1340 1336 1318 1934 1392 1938)
4(57 1939 1313 1938)
4(57 1938 1392 1663)
4(57 1668 1413 1939)
4(66 1975 1314 1974)
4(66 1974 1357 1697)
4(66 1694 1372 1975)
4(56 1934 1318 1935)
4(56 1935 1412 1659)
4(56 1663 1392 1934)
8(1323 1360 1951 1400 1739 1395 1867 1350)
4(14 1766 1324 1767)
4(14 1767 1368 1698)
4(14 1695 1366 1766)
4(67 1978 1327 1979)
4(67 1979 1397 1676)
4(67 1697 1357 1978)
4(37 1859 1330 1858)
4(37 1858 1371 1690)
4(37 1670 1406 1859)
4(61 1955 1331 1954)
4(61 1954 1374 1683)
4(61 1656 1398 1955)
8(1332 1356 1351 1871 1410 1721 1405 1795)
4(21 1794 1332 1795)
4(21 1795 1405 1651)
4(21 1709 1364 1794)
4(15 1770 1333 1771)
4(15 1771 1408 1654)
4(15 1698 1368 1770)
4(31 1835 1334 1834)
4(31 1834 1369 1667)
4(31 1674 1407 1835)
4(46 1894 1337 1895)
4(46 1895 1399 1671)
4(46 1706 1376 1894)
4(23 1803 1342 1802)
4(23 1802 1375 1711)
4(23 1660 1403 1803)
8(1342 1803 1403 1727 1411 1927 1354 1362)
4(13 1763 1348 1762)
4(13 1762 1366 1695)
4(13 1645 1394 1763)
4(29 1826 1349 1827)
4(29 1827 1401 1665)
4(29 1662 1367 1826)
8(1349 1386 1361 1923 1402 1730 1401 1827)
4(39 1866 1350 1867)
4(39 1867 1395 1680)
4(39 1693 1381 1866)
4(40 1871 1351 1870)
4(40 1870 1377 1696)
4(40 1652 1410 1871)
4(54 1926 1354 1927)
4(54 1927 1411 1661)
4(54 1657 1380 1926)
4(47 1898 1359 1899)
4(47 1899 1396 1646)
4(47 1708 1390 1898)
4(60 1951 1360 1950)
4(60 1950 1391 1677)
4(60 1681 1400 1951)
4(53 1923 1361 1922)
4(53 1922 1383 1648)
4(53 1666 1402 1923)
4(45 1890 1376 1706)
4(45 1704 1379 1891)
4(45 1891 1416 1890)
4(58 1672 1388 1942)
4(58 1942 1417 1943)
4(58 1943 1413 1668)
4(0 1718 1394 1645)
4(0 1646 1396 1718)
4(7 1680 1395 1739)
4(7 1739 1400 1681)
4(6 1676 1397 1736)
4(6 1736 1407 1674)
4(2 1724 1398 1656)
4(2 1654 1408 1724)
4(5 1671 1399 1733)
4(5 1733 1406 1670)
4(4 1665 1401 1730)
4(4 1730 1402 1666)
4(3 1727 1403 1660)
4(3 1661 1411 1727)
4(1 1651 1405 1721)
4(1 1721 1410 1652)
)


// ************************************************************************* //
