/*--------------------------------*- C++ -*----------------------------------*\
| =========                 |                                                 |
| \\      /  F ield         | OpenFOAM: The Open Source CFD Toolbox           |
|  \\    /   O peration     | Version:                                        |
|   \\  /    A nd           | Website:  www.openfoam.com                      |
|    \\/     M anipulation  |                                                 |
\*---------------------------------------------------------------------------*/
FoamFile
{
    version     2.0;
    format      ascii;
    class       faceList;
    location    "constant/polyMesh";
    object      faces;
}
// * * * * * * * * * * * * * * * * * * * * * * * * * * * * * * * * * * * * * //


2354
(
3(271 268 298)
3(271 278 268)
3(268 278 298)
3(271 298 278)
3(271 268 281)
3(281 268 298)
3(271 281 298)
3(295 285 303)
3(275 285 295)
3(275 295 303)
3(275 303 285)
3(89 295 285)
3(89 303 295)
3(89 285 303)
3(202 192 302)
3(202 302 109)
3(192 109 302)
3(202 109 192)
3(199 321 308)
3(199 288 321)
3(288 308 321)
3(199 308 288)
3(168 262 302)
3(168 302 241)
3(262 241 302)
3(168 241 262)
3(196 229 274)
3(196 274 209)
3(229 209 274)
3(196 209 229)
3(236 293 295)
3(293 275 295)
3(236 295 275)
3(236 275 293)
3(168 302 202)
3(168 192 302)
3(202 302 262)
3(109 262 302)
3(202 262 109)
3(144 289 211)
3(144 211 276)
3(144 276 289)
3(276 211 289)
3(229 274 312)
3(196 312 274)
3(196 229 312)
3(271 309 270)
3(271 270 275)
3(271 275 309)
3(275 270 309)
3(271 281 270)
3(270 281 309)
3(271 309 281)
3(99 105 299)
3(105 113 299)
3(99 299 113)
3(271 283 268)
3(271 278 283)
3(278 268 283)
3(168 262 202)
3(285 290 295)
3(89 295 290)
3(89 290 285)
3(273 297 283)
3(273 270 297)
3(270 283 297)
3(273 283 270)
3(270 305 271)
3(275 271 305)
3(270 275 305)
3(281 271 283)
3(268 281 283)
3(271 283 270)
3(281 270 283)
3(275 290 295)
3(275 285 290)
3(224 293 295)
3(224 236 293)
3(224 295 236)
3(272 268 311)
3(272 311 304)
3(272 304 268)
3(268 304 311)
3(168 302 319)
3(168 319 241)
3(302 241 319)
3(274 321 308)
3(162 308 321)
3(274 308 162)
3(274 162 321)
3(192 98 302)
3(98 109 302)
3(192 109 98)
3(278 282 268)
3(268 282 298)
3(278 298 282)
3(272 282 311)
3(272 268 282)
3(282 268 311)
3(299 286 301)
3(99 299 301)
3(99 301 286)
3(99 286 299)
3(268 311 273)
3(306 273 311)
3(268 306 311)
3(268 273 306)
3(80 210 295)
3(295 210 303)
3(80 295 303)
3(80 303 210)
3(94 299 121)
3(94 121 276)
3(276 121 299)
3(94 276 299)
3(192 302 319)
3(168 192 319)
3(286 269 299)
3(286 301 269)
3(299 269 301)
3(270 305 283)
3(271 283 305)
3(273 297 268)
3(283 268 297)
3(273 268 283)
3(270 277 306)
3(270 273 277)
3(277 273 306)
3(270 306 273)
3(213 210 295)
3(80 210 213)
3(80 213 295)
3(214 295 210)
3(214 303 295)
3(214 210 303)
3(218 296 274)
3(289 274 296)
3(218 274 289)
3(218 289 296)
3(273 284 311)
3(268 311 284)
3(268 284 273)
3(296 274 312)
3(218 296 312)
3(218 312 274)
3(105 301 99)
3(105 299 301)
3(140 145 318)
3(145 277 318)
3(140 318 277)
3(140 277 145)
3(121 100 299)
3(94 299 100)
3(94 100 121)
3(214 295 213)
3(269 274 321)
3(269 321 308)
3(269 308 274)
3(214 303 275)
3(214 275 295)
3(157 145 318)
3(140 157 318)
3(275 300 303)
3(275 215 300)
3(300 215 303)
3(275 303 215)
3(199 321 162)
3(199 162 308)
3(272 322 311)
3(272 282 322)
3(282 311 322)
3(311 304 322)
3(272 322 304)
3(270 277 294)
3(270 294 306)
3(294 277 306)
3(306 284 311)
3(273 284 306)
3(304 268 323)
3(272 323 268)
3(272 304 323)
3(269 276 321)
3(276 274 321)
3(269 274 276)
3(268 282 291)
3(272 268 291)
3(272 291 282)
3(116 211 289)
3(116 289 217)
3(211 217 289)
3(116 217 211)
3(274 278 296)
3(274 271 278)
3(274 296 271)
3(278 271 296)
3(69 290 317)
3(69 314 290)
3(69 317 314)
3(290 314 317)
3(89 295 78)
3(290 78 295)
3(89 78 290)
3(228 226 293)
3(219 228 293)
3(219 293 226)
3(158 276 231)
3(158 110 276)
3(110 231 276)
3(158 231 110)
3(89 303 80)
3(89 80 295)
3(144 289 116)
3(144 116 211)
3(269 276 308)
3(308 276 321)
3(145 310 318)
3(310 277 318)
3(145 277 310)
3(275 295 305)
3(275 305 293)
3(295 293 305)
3(194 303 309)
3(303 300 309)
3(194 300 303)
3(194 309 300)
3(231 276 144)
3(231 211 276)
3(231 144 211)
3(192 286 302)
3(286 98 302)
3(192 98 286)
3(268 281 311)
3(281 306 311)
3(268 306 281)
3(162 274 209)
3(162 196 274)
3(162 209 196)
3(162 288 321)
3(199 288 162)
3(286 319 192)
3(286 302 319)
3(220 229 274)
3(220 274 312)
3(220 312 229)
3(257 318 157)
3(257 145 318)
3(257 157 145)
3(284 304 268)
3(284 268 323)
3(284 323 304)
3(110 121 276)
3(110 276 94)
3(110 94 121)
3(140 88 318)
3(88 157 318)
3(140 157 88)
3(148 224 293)
3(148 295 224)
3(148 293 295)
3(69 139 290)
3(77 69 290)
3(77 290 139)
3(77 139 69)
3(139 317 69)
3(139 290 317)
3(197 274 308)
3(162 197 308)
3(162 274 197)
3(269 279 286)
3(269 299 279)
3(286 279 299)
3(274 282 269)
3(274 269 278)
3(274 278 282)
3(278 269 282)
3(220 209 274)
3(194 303 198)
3(198 303 309)
3(194 198 309)
3(158 276 144)
3(158 144 231)
3(276 308 301)
3(269 301 308)
3(276 301 269)
3(77 69 314)
3(77 314 290)
3(263 318 157)
3(263 257 318)
3(263 157 257)
3(303 275 309)
3(300 309 275)
3(274 282 308)
3(282 269 308)
3(224 206 293)
3(206 236 293)
3(72 80 303)
3(72 210 80)
3(72 303 210)
3(197 298 308)
3(197 274 298)
3(298 274 308)
3(293 228 300)
3(226 293 300)
3(226 300 228)
3(308 301 321)
3(276 321 301)
3(278 282 291)
3(278 291 268)
3(158 121 276)
3(158 110 121)
3(284 304 311)
3(225 95 288)
3(212 225 288)
3(212 95 225)
3(212 288 95)
3(200 308 286)
3(200 301 308)
3(301 286 308)
3(200 286 301)
3(274 316 278)
3(269 278 316)
3(274 269 316)
3(228 293 312)
3(219 312 293)
3(219 228 312)
3(301 321 288)
3(301 288 308)
3(74 280 314)
3(74 277 280)
3(280 277 314)
3(74 314 277)
3(109 93 302)
3(262 302 93)
3(262 93 109)
3(274 278 289)
3(289 278 296)
3(215 216 275)
3(275 216 300)
3(215 300 216)
3(268 287 297)
3(273 287 268)
3(273 297 287)
3(272 292 323)
3(246 292 272)
3(246 272 323)
3(246 323 292)
3(215 194 300)
3(215 303 194)
3(272 292 268)
3(268 292 323)
3(74 280 294)
3(294 280 314)
3(74 294 314)
3(253 273 323)
3(253 284 273)
3(273 284 323)
3(253 323 284)
3(69 317 277)
3(69 277 314)
3(314 277 317)
3(98 93 302)
3(308 286 322)
3(200 308 322)
3(200 322 286)
3(300 293 312)
3(228 300 312)
3(293 296 312)
3(219 312 296)
3(219 296 293)
3(268 281 282)
3(282 281 311)
3(257 145 310)
3(257 310 318)
3(259 115 292)
3(259 292 287)
3(259 287 115)
3(115 287 292)
3(209 223 288)
3(209 288 190)
3(209 190 223)
3(223 190 288)
3(199 197 308)
3(176 298 308)
3(176 197 298)
3(176 308 197)
3(289 274 321)
3(276 289 321)
3(276 274 289)
3(140 81 318)
3(81 88 318)
3(140 88 81)
3(281 282 298)
3(268 291 292)
3(272 292 291)
3(207 150 289)
3(207 289 217)
3(150 217 289)
3(207 217 150)
3(272 261 292)
3(246 261 272)
3(246 292 261)
3(259 260 292)
3(260 115 292)
3(259 115 260)
3(269 282 272)
3(269 291 282)
3(269 272 291)
3(271 293 312)
3(271 300 293)
3(271 312 300)
3(224 206 148)
3(148 206 293)
3(140 81 277)
3(277 81 318)
3(246 272 304)
3(246 304 323)
3(294 178 306)
3(201 178 294)
3(201 306 178)
3(201 294 306)
3(88 263 318)
3(157 263 88)
3(282 298 311)
3(298 281 311)
3(107 301 99)
3(107 105 301)
3(271 296 312)
3(271 293 296)
3(214 215 275)
3(214 303 215)
3(121 138 299)
3(100 299 138)
3(100 138 121)
3(258 249 273)
3(273 249 310)
3(258 273 310)
3(258 310 249)
3(276 138 299)
3(121 138 276)
3(97 113 286)
3(97 286 279)
3(97 279 113)
3(113 279 286)
3(231 276 103)
3(110 103 276)
3(231 103 110)
3(276 321 288)
3(276 288 301)
3(101 299 94)
3(101 276 299)
3(101 94 276)
3(284 188 306)
3(306 188 311)
3(284 311 188)
3(147 148 295)
3(147 224 148)
3(147 295 224)
3(251 280 310)
3(251 273 280)
3(251 310 273)
3(280 273 310)
3(250 324 191)
3(250 280 324)
3(280 191 324)
3(250 191 280)
3(286 164 301)
3(106 301 164)
3(106 286 301)
3(106 164 286)
3(69 117 317)
3(139 117 69)
3(139 317 117)
3(100 101 299)
3(195 298 300)
3(195 300 309)
3(300 298 309)
3(195 309 298)
3(253 249 273)
3(258 253 273)
3(278 289 316)
3(274 316 289)
3(278 274 298)
3(271 298 274)
3(259 292 323)
3(292 287 323)
3(259 323 287)
3(283 268 287)
3(283 287 297)
3(215 227 300)
3(194 227 215)
3(194 300 227)
3(216 293 300)
3(226 216 300)
3(226 293 216)
3(236 295 214)
3(236 214 275)
3(69 117 277)
3(277 117 317)
3(225 103 288)
3(103 95 288)
3(225 95 103)
3(153 289 144)
3(153 276 289)
3(153 144 276)
3(154 299 291)
3(291 299 316)
3(154 291 316)
3(154 316 299)
3(273 249 323)
3(273 287 249)
3(273 323 287)
3(249 287 323)
3(276 299 301)
3(101 276 301)
3(101 301 299)
3(253 249 323)
3(274 321 218)
3(289 218 321)
3(282 274 298)
3(209 321 288)
3(209 223 321)
3(223 288 321)
3(291 279 299)
3(154 279 291)
3(154 299 279)
3(278 320 271)
3(278 283 320)
3(283 271 320)
3(178 309 294)
3(306 294 309)
3(178 306 309)
3(138 153 276)
3(276 153 299)
3(138 299 153)
3(278 126 291)
3(130 291 126)
3(130 278 291)
3(130 126 278)
3(77 82 314)
3(82 69 314)
3(262 302 254)
3(93 254 302)
3(262 254 93)
3(269 322 272)
3(269 282 322)
3(225 103 276)
3(225 276 288)
3(276 103 288)
3(121 153 276)
3(259 287 141)
3(115 141 287)
3(259 141 115)
3(152 295 147)
3(152 148 295)
3(260 292 323)
3(259 260 323)
3(121 276 144)
3(214 216 275)
3(280 310 318)
3(251 318 310)
3(251 280 318)
3(193 303 194)
3(193 194 215)
3(193 215 303)
3(289 207 296)
3(150 296 207)
3(150 289 296)
3(193 303 198)
3(272 269 279)
3(272 286 269)
3(272 279 286)
3(231 276 225)
3(231 225 103)
3(209 162 288)
3(209 321 162)
3(190 162 288)
3(209 162 190)
3(274 312 271)
3(287 249 310)
3(273 287 310)
3(126 313 278)
3(291 278 313)
3(126 291 313)
3(237 141 287)
3(237 287 119)
3(237 119 141)
3(141 119 287)
3(153 299 316)
3(153 316 276)
3(299 276 316)
3(306 284 324)
3(188 306 324)
3(188 324 284)
3(268 284 287)
3(284 273 287)
3(269 291 278)
3(269 279 291)
3(272 291 279)
3(275 293 300)
3(275 216 293)
3(284 273 324)
3(253 324 273)
3(253 284 324)
3(196 180 274)
3(274 180 312)
3(196 312 180)
3(277 270 297)
3(273 277 297)
3(183 308 200)
3(183 200 301)
3(183 301 308)
3(219 312 218)
3(219 218 296)
3(209 321 274)
3(237 259 287)
3(141 259 237)
3(72 89 303)
3(269 308 286)
3(269 286 322)
3(269 322 308)
3(268 291 313)
3(291 292 313)
3(268 313 292)
3(240 250 324)
3(240 324 191)
3(240 191 250)
3(218 230 274)
3(220 274 230)
3(220 218 274)
3(200 164 301)
3(200 286 164)
3(277 280 318)
3(280 74 318)
3(277 318 74)
3(268 313 283)
3(287 283 313)
3(268 287 313)
3(238 187 284)
3(238 284 161)
3(238 161 187)
3(187 161 284)
3(187 252 238)
3(238 252 284)
3(187 284 252)
3(75 280 294)
3(75 294 74)
3(75 74 280)
3(280 251 324)
3(273 324 251)
3(273 280 324)
3(258 251 273)
3(253 273 251)
3(94 103 276)
3(230 274 321)
3(230 321 218)
3(128 278 126)
3(128 313 278)
3(128 126 313)
3(251 310 258)
3(225 211 276)
3(285 314 84)
3(285 84 294)
3(294 84 314)
3(285 294 314)
3(209 274 230)
3(220 218 312)
3(178 294 285)
3(178 285 201)
3(201 285 294)
3(273 324 306)
3(69 277 90)
3(90 277 314)
3(69 90 314)
3(218 207 289)
3(218 289 217)
3(164 184 301)
3(106 301 184)
3(106 184 164)
3(288 225 321)
3(276 321 225)
3(97 99 286)
3(99 113 286)
3(294 285 309)
3(178 309 285)
3(170 322 311)
3(170 311 304)
3(170 304 322)
3(237 287 310)
3(287 119 310)
3(237 310 119)
3(292 272 307)
3(261 292 307)
3(261 307 272)
3(268 313 278)
3(283 278 313)
3(189 280 324)
3(280 306 324)
3(189 306 280)
3(189 324 306)
3(230 209 321)
3(294 277 314)
3(280 277 294)
3(136 130 291)
3(136 291 126)
3(180 298 197)
3(180 197 274)
3(180 274 298)
3(269 276 299)
3(76 294 314)
3(74 294 76)
3(74 76 314)
3(131 305 283)
3(131 283 317)
3(131 317 305)
3(283 305 317)
3(227 300 216)
3(294 270 314)
3(277 314 270)
3(172 282 311)
3(172 311 322)
3(172 322 282)
3(106 99 301)
3(106 286 99)
3(251 324 250)
3(251 250 280)
3(174 311 282)
3(174 298 311)
3(174 282 298)
3(80 295 78)
3(69 81 277)
3(81 117 277)
3(69 117 81)
3(130 278 316)
3(130 316 291)
3(278 291 316)
3(191 324 189)
3(191 189 280)
3(284 287 323)
3(287 268 323)
3(207 296 218)
3(162 180 274)
3(217 116 150)
3(150 116 289)
3(84 290 314)
3(290 285 314)
3(84 285 290)
3(246 261 319)
3(246 319 272)
3(261 272 319)
3(174 172 282)
3(174 311 172)
3(97 286 302)
3(97 302 279)
3(286 279 302)
3(294 309 270)
3(306 270 309)
3(137 153 299)
3(137 299 316)
3(137 316 153)
3(120 290 77)
3(120 71 290)
3(120 77 71)
3(71 77 290)
3(214 224 295)
3(112 276 301)
3(112 101 276)
3(112 301 101)
3(235 288 225)
3(235 225 321)
3(235 321 288)
3(84 294 68)
3(285 68 294)
3(84 68 285)
3(173 306 311)
3(173 311 281)
3(173 281 306)
3(200 184 301)
3(130 128 278)
3(112 276 288)
3(112 288 301)
3(272 286 322)
3(248 323 260)
3(248 292 323)
3(248 260 292)
3(184 91 301)
3(106 301 91)
3(106 91 184)
3(313 278 320)
3(128 313 320)
3(128 320 278)
3(280 277 310)
3(273 310 277)
3(273 277 280)
3(112 103 288)
3(112 276 103)
3(281 177 309)
3(175 309 177)
3(175 177 281)
3(175 281 309)
3(186 294 75)
3(186 280 294)
3(186 75 280)
3(282 176 298)
3(282 298 308)
3(282 308 176)
3(86 265 280)
3(265 70 280)
3(86 280 70)
3(86 70 265)
3(174 298 281)
3(174 281 311)
3(290 82 314)
3(77 82 290)
3(84 76 294)
3(84 314 76)
3(177 309 306)
3(177 306 281)
3(281 306 309)
3(118 279 92)
3(118 104 279)
3(104 92 279)
3(118 92 104)
3(221 289 321)
3(221 321 276)
3(221 276 289)
3(291 124 292)
3(291 307 124)
3(292 124 307)
3(291 292 307)
3(130 289 316)
3(130 278 289)
3(115 287 125)
3(125 287 292)
3(115 125 292)
3(181 319 192)
3(181 286 319)
3(181 192 286)
3(176 180 298)
3(153 289 116)
3(254 241 302)
3(75 294 76)
3(190 199 288)
3(278 296 320)
3(278 320 289)
3(296 289 320)
3(297 283 313)
3(287 297 313)
3(240 251 324)
3(201 185 285)
3(178 285 185)
3(90 81 277)
3(168 181 319)
3(173 306 188)
3(173 188 311)
3(246 245 319)
3(245 261 319)
3(298 312 195)
3(300 195 312)
3(298 300 312)
3(86 203 280)
3(203 265 280)
3(86 265 203)
3(191 165 324)
3(191 240 165)
3(165 240 324)
3(98 302 97)
3(98 97 286)
3(182 308 200)
3(182 183 308)
3(131 305 129)
3(283 129 305)
3(131 129 283)
3(174 298 175)
3(174 175 281)
3(281 175 298)
3(112 95 288)
3(127 283 313)
3(127 313 297)
3(127 297 283)
3(140 117 277)
3(140 81 117)
3(182 308 322)
3(182 322 200)
3(285 309 303)
3(285 275 309)
3(291 136 316)
3(130 316 136)
3(68 76 294)
3(269 291 299)
3(269 299 316)
3(269 316 291)
3(271 296 320)
3(212 235 288)
3(221 218 289)
3(217 221 289)
3(131 283 297)
3(297 283 317)
3(131 297 317)
3(92 279 299)
3(113 279 92)
3(113 92 299)
3(113 299 279)
3(82 84 290)
3(82 314 84)
3(195 174 298)
3(195 298 175)
3(253 324 251)
3(118 279 299)
3(118 299 92)
3(124 313 291)
3(124 292 313)
3(273 280 306)
3(170 322 172)
3(170 172 311)
3(191 280 265)
3(250 265 280)
3(191 265 250)
3(177 178 306)
3(177 309 178)
3(185 285 294)
3(185 294 201)
3(131 132 305)
3(305 132 317)
3(131 317 132)
3(284 161 304)
3(238 284 304)
3(238 304 161)
3(249 237 287)
3(249 310 237)
3(135 291 307)
3(135 307 124)
3(135 124 291)
3(174 281 173)
3(174 173 311)
3(255 70 280)
3(255 280 265)
3(255 265 70)
3(271 300 275)
3(271 275 293)
3(185 83 294)
3(185 294 68)
3(83 68 294)
3(185 68 83)
3(141 287 125)
3(64 187 238)
3(64 238 161)
3(187 252 64)
3(146 104 279)
3(146 279 118)
3(146 118 104)
3(145 277 143)
3(143 277 310)
3(145 143 310)
3(130 289 151)
3(151 289 316)
3(130 151 316)
3(259 248 323)
3(143 140 277)
3(93 302 97)
3(218 321 221)
3(271 300 309)
3(189 165 324)
3(285 309 270)
3(285 270 294)
3(171 304 311)
3(171 284 304)
3(171 311 284)
3(287 310 142)
3(287 142 297)
3(287 297 310)
3(297 142 310)
3(86 186 280)
3(186 203 280)
3(86 203 186)
3(135 279 291)
3(135 291 154)
3(135 154 279)
3(136 154 291)
3(136 316 154)
3(134 289 278)
3(134 320 289)
3(134 278 320)
3(124 126 291)
3(124 313 126)
3(191 280 203)
3(191 203 265)
3(137 138 299)
3(183 184 301)
3(290 295 305)
3(290 305 275)
3(304 246 319)
3(272 304 319)
3(96 302 254)
3(96 242 302)
3(96 254 242)
3(242 254 302)
3(130 278 134)
3(130 134 289)
3(270 275 285)
3(270 290 275)
3(270 285 290)
3(180 298 312)
3(180 312 195)
3(180 195 298)
3(199 308 301)
3(199 301 288)
3(176 174 282)
3(176 298 174)
3(96 302 93)
3(96 93 254)
3(104 113 279)
3(177 201 306)
3(289 153 316)
3(276 289 316)
3(172 282 176)
3(248 292 246)
3(248 246 323)
3(149 320 305)
3(149 293 320)
3(149 305 293)
3(293 305 320)
3(120 139 77)
3(120 290 139)
3(133 305 148)
3(133 293 305)
3(133 148 293)
3(293 148 305)
3(219 293 222)
3(226 222 293)
3(167 301 102)
3(167 288 301)
3(288 102 301)
3(167 102 288)
3(313 283 320)
3(163 294 75)
3(163 186 294)
3(163 75 186)
3(248 292 261)
3(167 301 91)
3(167 91 102)
3(102 91 301)
3(279 307 135)
3(279 291 307)
3(228 216 300)
3(251 266 310)
3(310 266 318)
3(251 318 266)
3(249 259 287)
3(152 290 295)
3(152 305 290)
3(152 295 305)
3(128 283 313)
3(128 127 283)
3(128 313 127)
3(68 285 166)
3(79 166 285)
3(68 166 79)
3(68 79 285)
3(268 287 292)
3(292 287 313)
3(189 280 294)
3(189 294 186)
3(189 186 280)
3(71 290 295)
3(290 120 295)
3(71 295 120)
3(163 83 294)
3(185 83 163)
3(185 163 294)
3(185 285 68)
3(199 183 301)
3(199 308 183)
3(132 305 129)
3(175 309 178)
3(173 281 177)
3(173 177 306)
3(74 90 277)
3(74 314 90)
3(142 313 297)
3(142 297 127)
3(142 127 313)
3(96 315 302)
3(242 302 315)
3(96 242 315)
3(104 279 315)
3(279 146 315)
3(104 315 146)
3(269 276 316)
3(97 302 315)
3(97 315 279)
3(302 279 315)
3(134 296 289)
3(134 320 296)
3(128 283 320)
3(274 298 312)
3(170 171 304)
3(170 311 171)
3(125 313 292)
3(125 287 313)
3(278 130 320)
3(128 320 130)
3(82 78 290)
3(78 84 290)
3(216 275 236)
3(199 301 167)
3(199 167 288)
3(119 142 287)
3(119 310 142)
3(293 222 296)
3(219 296 222)
3(131 283 127)
3(131 127 297)
3(260 123 292)
3(260 115 123)
3(123 115 292)
3(284 247 323)
3(253 247 284)
3(253 323 247)
3(62 240 191)
3(62 191 250)
3(101 276 103)
3(75 280 86)
3(75 86 186)
3(142 313 287)
3(271 298 312)
3(198 303 285)
3(198 285 309)
3(282 308 322)
3(182 308 282)
3(182 282 322)
3(189 306 294)
3(280 294 306)
3(184 167 301)
3(184 91 167)
3(134 130 320)
3(185 166 68)
3(185 285 166)
3(91 99 301)
3(175 281 173)
3(152 133 305)
3(152 305 148)
3(75 83 294)
3(163 83 75)
3(221 225 276)
3(221 321 225)
3(161 171 284)
3(161 304 171)
3(129 320 305)
3(129 305 149)
3(129 149 320)
3(271 305 293)
3(129 283 128)
3(129 127 283)
3(221 211 276)
3(73 88 318)
3(73 318 81)
3(171 188 284)
3(171 311 188)
3(151 134 289)
3(182 308 176)
3(182 176 282)
3(104 97 279)
3(164 286 98)
3(106 98 286)
3(164 98 106)
3(118 279 154)
3(118 154 299)
3(225 38 95)
3(212 95 38)
3(160 195 312)
3(160 312 300)
3(160 300 195)
3(270 297 317)
3(297 277 317)
3(270 317 277)
3(194 179 309)
3(198 309 179)
3(138 100 92)
3(138 92 299)
3(92 100 299)
3(270 290 305)
3(220 219 312)
3(166 285 303)
3(285 79 303)
3(166 303 79)
3(247 284 304)
3(238 284 247)
3(238 247 304)
3(112 301 107)
3(101 107 301)
3(263 318 243)
3(88 243 318)
3(263 243 88)
3(97 96 302)
3(129 283 320)
3(129 320 128)
3(270 281 306)
3(149 293 296)
3(296 293 320)
3(149 296 320)
3(300 179 309)
3(194 179 300)
3(283 270 317)
3(270 305 317)
3(192 164 286)
3(98 164 192)
3(124 292 125)
3(124 125 313)
3(135 291 136)
3(257 318 243)
3(97 96 315)
3(280 70 318)
3(74 70 280)
3(74 318 70)
3(117 143 277)
3(277 143 317)
3(117 317 143)
3(104 97 315)
3(239 123 292)
3(239 292 260)
3(239 260 123)
3(133 149 305)
3(133 293 149)
3(199 184 301)
3(279 315 135)
3(307 135 315)
3(279 307 315)
3(247 323 304)
3(25 100 121)
3(25 121 94)
3(243 318 73)
3(243 73 88)
3(154 316 137)
3(154 137 299)
3(171 284 187)
3(146 135 279)
3(146 315 135)
3(217 150 44)
3(207 44 150)
3(279 302 272)
3(286 272 302)
3(189 324 188)
3(189 188 306)
3(172 322 182)
3(172 182 282)
3(9 120 77)
3(9 71 120)
3(160 180 312)
3(96 254 30)
3(96 30 242)
3(93 254 30)
3(139 69 10)
3(139 10 77)
3(92 138 26)
3(26 138 100)
3(252 247 284)
3(252 284 253)
3(163 189 294)
3(280 255 318)
3(70 318 255)
3(207 150 222)
3(222 150 296)
3(207 222 296)
3(75 280 70)
3(272 291 307)
3(272 307 279)
3(52 307 122)
3(52 256 307)
3(256 122 307)
3(52 122 256)
3(285 314 270)
3(290 270 314)
3(81 277 74)
3(165 62 240)
3(222 43 150)
3(207 150 43)
3(271 305 320)
3(271 320 293)
3(283 305 320)
3(49 141 237)
3(49 237 119)
3(235 221 321)
3(49 141 259)
3(98 99 286)
3(151 289 153)
3(151 153 316)
3(142 287 141)
3(81 318 74)
3(122 135 315)
3(122 315 307)
3(122 307 135)
3(247 246 304)
3(247 323 246)
3(59 209 190)
3(59 190 223)
3(123 124 307)
3(123 307 292)
3(123 292 124)
3(76 294 83)
3(225 38 103)
3(255 251 280)
3(255 318 251)
3(118 138 92)
3(118 299 138)
3(136 291 124)
3(195 179 309)
3(195 300 179)
3(78 71 290)
3(78 295 71)
3(255 280 250)
3(175 179 309)
3(195 175 309)
3(22 80 210)
3(213 80 22)
3(252 284 324)
3(252 324 253)
3(143 277 297)
3(297 277 310)
3(143 297 310)
3(176 183 308)
3(150 289 134)
3(150 134 296)
3(188 177 306)
3(145 257 237)
3(48 145 237)
3(48 257 145)
3(187 188 284)
3(170 319 322)
3(170 304 319)
3(319 304 322)
3(108 212 288)
3(95 108 288)
3(95 212 108)
3(258 310 237)
3(136 316 137)
3(207 296 219)
3(22 72 210)
3(143 317 297)
3(132 317 290)
3(132 290 305)
3(305 290 317)
3(191 280 186)
3(167 91 33)
3(167 33 102)
3(123 135 307)
3(187 284 324)
3(187 324 252)
3(100 138 25)
3(135 279 118)
3(139 132 317)
3(139 290 132)
3(238 65 304)
3(244 304 65)
3(244 238 304)
3(166 17 68)
3(166 79 17)
3(52 307 123)
3(122 123 307)
3(9 139 77)
3(196 312 160)
3(235 223 321)
3(209 235 321)
3(76 314 90)
3(155 117 317)
3(155 317 143)
3(258 266 310)
3(233 288 108)
3(233 212 288)
3(233 108 212)
3(133 129 305)
3(105 92 299)
3(249 259 323)
3(122 146 315)
3(237 145 310)
3(257 237 310)
3(239 292 307)
3(261 292 239)
3(261 239 307)
3(120 152 290)
3(120 295 152)
3(239 307 52)
3(239 256 307)
3(33 184 91)
3(187 188 324)
3(235 223 288)
3(92 118 26)
3(102 301 112)
3(102 112 288)
3(233 288 204)
3(108 204 288)
3(233 204 108)
3(68 185 17)
3(161 65 304)
3(161 238 65)
3(78 77 290)
3(189 201 294)
3(189 306 201)
3(273 297 310)
3(198 166 285)
3(198 303 166)
3(178 198 285)
3(178 309 198)
3(117 69 10)
3(119 145 237)
3(48 119 237)
3(134 128 320)
3(319 181 322)
3(286 319 322)
3(286 322 181)
3(123 307 239)
3(185 18 83)
3(185 68 18)
3(106 34 184)
3(184 34 91)
3(238 246 304)
3(257 266 318)
3(257 310 266)
3(170 322 182)
3(139 317 155)
3(142 313 125)
3(142 125 287)
3(118 27 104)
3(118 92 27)
3(271 298 300)
3(223 204 288)
3(204 190 288)
3(223 190 204)
3(223 233 288)
3(204 233 223)
3(181 170 319)
3(181 322 170)
3(131 142 297)
3(82 90 314)
3(267 307 245)
3(267 261 307)
3(261 245 307)
3(206 114 222)
3(206 42 114)
3(114 42 222)
3(102 204 288)
3(108 102 288)
3(108 204 102)
3(11 117 81)
3(11 69 117)
3(114 293 296)
3(149 293 114)
3(149 114 296)
3(222 293 114)
3(206 114 293)
3(222 206 293)
3(185 198 285)
3(44 217 116)
3(252 63 324)
3(187 324 63)
3(187 63 252)
3(119 145 310)
3(267 307 302)
3(267 302 245)
3(245 302 307)
3(162 59 209)
3(314 270 317)
3(115 124 292)
3(279 302 307)
3(272 307 302)
3(164 106 34)
3(167 204 288)
3(102 204 167)
3(143 131 317)
3(131 155 317)
3(161 304 170)
3(132 290 152)
3(132 152 305)
3(239 123 52)
3(239 248 292)
3(18 83 163)
3(65 169 304)
3(244 304 169)
3(244 169 65)
3(155 132 317)
3(79 89 285)
3(79 303 89)
3(210 303 215)
3(143 131 297)
3(27 104 146)
3(260 51 123)
3(115 51 260)
3(81 11 140)
3(134 116 289)
3(172 173 311)
3(114 222 150)
3(114 296 222)
3(114 150 296)
3(71 80 295)
3(126 125 313)
3(151 289 116)
3(181 164 286)
3(213 224 295)
3(161 169 304)
3(114 222 43)
3(125 127 313)
3(41 224 148)
3(41 147 224)
3(91 107 301)
3(290 317 270)
3(247 249 323)
3(169 319 170)
3(169 304 319)
3(169 170 304)
3(272 319 286)
3(272 302 319)
3(160 57 229)
3(196 229 57)
3(196 160 229)
3(98 35 164)
3(106 164 35)
3(68 89 285)
3(272 319 322)
3(246 319 244)
3(304 244 319)
3(246 244 304)
3(154 138 299)
3(152 290 139)
3(240 63 324)
3(252 240 324)
3(148 41 206)
3(181 169 319)
3(50 115 259)
3(50 259 141)
3(165 324 188)
3(130 316 137)
3(91 301 112)
3(119 143 310)
3(14 73 318)
3(70 14 318)
3(70 318 73)
3(239 51 123)
3(163 19 75)
3(83 19 163)
3(260 50 115)
3(114 206 148)
3(42 148 206)
3(192 98 35)
3(201 163 294)
3(213 87 295)
3(234 87 213)
3(234 295 87)
3(234 213 295)
3(171 172 311)
3(173 171 311)
3(73 318 74)
3(160 208 300)
3(300 208 312)
3(160 312 208)
3(114 293 148)
3(127 126 313)
3(215 55 194)
3(215 193 55)
3(75 186 19)
3(241 66 319)
3(66 168 319)
3(241 168 66)
3(256 122 315)
3(256 315 307)
3(84 89 285)
3(100 105 299)
3(101 299 105)
3(14 243 318)
3(73 243 14)
3(255 14 318)
3(70 14 255)
3(104 96 315)
3(227 300 160)
3(227 160 208)
3(227 208 300)
3(230 321 221)
3(243 266 318)
3(227 55 194)
3(80 213 87)
3(80 87 295)
3(181 286 200)
3(181 200 322)
3(208 160 57)
3(208 229 160)
3(244 66 319)
3(244 319 241)
3(267 242 302)
3(267 302 315)
3(267 315 242)
3(206 226 293)
3(236 293 226)
3(189 306 177)
3(241 245 302)
3(241 319 245)
3(302 245 319)
3(227 194 160)
3(160 194 300)
3(255 318 266)
3(227 160 56)
3(208 56 160)
3(120 87 295)
3(120 71 87)
3(87 71 295)
3(245 319 244)
3(165 324 63)
3(165 187 324)
3(147 295 234)
3(147 234 224)
3(224 234 295)
3(254 245 302)
3(159 295 234)
3(159 234 147)
3(159 147 295)
3(72 303 232)
3(72 232 210)
3(210 232 303)
3(240 253 324)
3(167 288 190)
3(223 212 288)
3(255 243 318)
3(56 227 194)
3(180 298 174)
3(87 295 159)
3(87 159 120)
3(120 159 295)
3(103 37 231)
3(110 231 37)
3(95 102 288)
3(249 248 323)
3(228 300 208)
3(228 208 312)
3(151 137 316)
3(232 193 303)
3(232 303 205)
3(232 205 193)
3(193 205 303)
3(208 220 312)
3(229 208 312)
3(67 262 168)
3(67 168 241)
3(215 232 193)
3(215 303 232)
3(267 254 302)
3(63 165 240)
3(307 302 315)
3(267 307 315)
3(85 303 232)
3(85 232 72)
3(85 72 303)
3(262 93 31)
3(262 31 109)
3(15 70 265)
3(15 265 86)
3(134 149 296)
3(134 320 149)
3(111 315 146)
3(111 146 104)
3(111 104 315)
3(111 156 146)
3(111 315 156)
3(146 156 315)
3(244 319 169)
3(262 202 67)
3(169 319 66)
3(169 168 319)
3(244 66 169)
3(82 314 76)
3(225 103 37)
3(133 293 114)
3(265 61 191)
3(250 191 61)
3(87 213 21)
3(87 21 234)
3(256 156 315)
3(256 122 156)
3(156 122 315)
3(121 110 24)
3(121 24 94)
3(255 15 70)
3(254 93 31)
3(120 295 147)
3(208 300 216)
3(231 144 46)
3(211 46 144)
3(242 111 96)
3(242 315 111)
3(96 111 315)
3(205 79 303)
3(205 303 85)
3(205 85 79)
3(79 85 303)
3(197 183 308)
3(230 235 321)
3(203 265 61)
3(80 213 21)
3(87 234 159)
3(205 79 166)
3(205 166 303)
3(220 228 312)
3(193 303 166)
3(156 315 264)
3(156 264 256)
3(256 264 315)
3(158 110 24)
3(248 247 323)
3(158 46 231)
3(120 8 87)
3(120 71 8)
3(142 297 143)
3(160 300 179)
3(256 267 307)
3(256 315 267)
3(13 88 243)
3(13 243 73)
3(29 242 111)
3(29 96 242)
3(72 232 23)
3(72 23 210)
3(264 111 242)
3(264 315 111)
3(264 242 315)
3(134 114 296)
3(85 205 232)
3(8 87 159)
3(88 12 140)
3(140 12 81)
3(39 212 108)
3(39 95 212)
3(128 149 320)
3(146 28 111)
3(104 28 146)
3(186 20 86)
3(186 75 20)
3(12 157 88)
3(111 156 28)
3(203 20 86)
3(109 192 36)
3(109 36 202)
3(79 303 72)
3(263 13 88)
3(29 264 111)
3(39 233 108)
3(232 23 85)
3(192 36 98)
3(40 147 234)
3(40 224 147)
3(133 132 305)
3(179 309 178)
3(237 266 310)
3(54 232 193)
3(215 54 193)
3(53 156 256)
3(53 256 122)
3(264 156 111)
3(239 267 307)
3(234 40 159)
3(54 232 205)
3(204 223 60)
3(190 60 223)
3(257 157 47)
3(257 47 145)
3(79 205 16)
3(16 205 85)
3(182 181 322)
3(256 315 242)
3(263 157 47)
3(233 60 204)
3(53 156 264)
3(32 102 204)
3(32 167 102)
3(204 32 108)
3(79 166 16)
3(144 211 45)
3(108 7 204)
3(108 233 7)
3(204 7 233)
3(262 6 202)
3(109 6 262)
3(109 202 6)
3(0 263 88)
3(0 157 263)
3(0 88 157)
3(203 2 265)
3(86 265 2)
3(86 2 203)
3(5 110 158)
3(5 158 231)
3(5 231 110)
3(4 111 264)
3(4 264 156)
3(4 156 111)
3(232 85 3)
3(205 3 85)
3(232 3 205)
3(1 159 87)
3(234 1 87)
3(234 159 1)
3(45 217 116)
3(162 58 209)
3(196 229 58)
3(289 221 211)
3(286 299 113)
3(306 280 277)
3(270 283 306)
3(306 283 281)
3(283 306 273)
3(268 306 283)
3(216 236 293)
3(316 276 274)
3(290 84 89)
3(301 101 105)
3(116 45 211)
3(309 271 298)
3(309 281 298)
3(175 309 298)
3(148 295 305)
3(302 307 319)
3(319 307 245)
3(307 319 272)
3(261 319 307)
3(142 143 310)
3(229 312 160)
3(196 58 209)
3(77 69 82)
3(72 80 89)
3(80 78 89)
3(75 76 74)
3(69 81 90)
3(84 76 68)
3(82 84 78)
3(73 81 88)
3(9 77 71)
3(77 10 69)
3(75 70 86)
3(70 75 74)
3(81 74 90)
3(76 83 68)
3(22 80 72)
3(76 75 83)
3(17 79 68)
3(76 90 74)
3(71 77 78)
3(18 68 83)
3(69 90 82)
3(11 81 69)
3(77 82 78)
3(78 80 71)
3(68 79 89)
3(70 73 14)
3(83 75 19)
3(73 74 81)
3(68 89 84)
3(15 86 70)
3(82 76 84)
3(80 21 87)
3(87 8 71)
3(13 73 88)
3(88 81 12)
3(73 70 74)
3(20 75 86)
3(79 72 89)
3(23 72 85)
3(76 82 90)
3(79 16 85)
3(80 87 71)
3(77 9 10)
3(80 22 21)
3(11 12 81)
3(14 73 13)
3(14 15 70)
3(23 22 72)
3(17 68 18)
3(19 75 20)
3(85 72 79)
3(10 11 69)
3(8 9 71)
3(0 13 88)
3(3 23 85)
3(16 3 85)
3(1 8 87)
3(21 1 87)
3(86 15 2)
3(19 18 83)
3(12 0 88)
3(2 20 86)
3(79 17 16)
3(84 89 78)
3(99 113 105)
3(109 93 98)
3(107 99 105)
3(100 94 101)
3(110 103 94)
3(97 113 99)
3(112 103 95)
3(93 97 98)
3(92 113 104)
3(101 103 112)
3(106 99 91)
3(103 101 94)
3(113 97 104)
3(112 107 101)
3(97 93 96)
3(25 94 100)
3(93 30 96)
3(92 26 100)
3(97 99 98)
3(95 103 38)
3(33 91 102)
3(113 92 105)
3(106 98 99)
3(106 91 34)
3(27 92 104)
3(99 107 91)
3(106 35 98)
3(91 112 102)
3(101 105 100)
3(104 97 96)
3(105 92 100)
3(110 37 103)
3(108 102 95)
3(31 93 109)
3(107 112 91)
3(102 112 95)
3(94 24 110)
3(29 111 96)
3(39 108 95)
3(104 111 28)
3(36 109 98)
3(102 108 32)
3(26 25 100)
3(30 29 96)
3(93 31 30)
3(37 38 103)
3(34 91 33)
3(28 27 104)
3(36 98 35)
3(92 27 26)
3(39 95 38)
3(24 94 25)
3(111 104 96)
3(7 32 108)
3(7 108 39)
3(24 5 110)
3(111 29 4)
3(110 5 37)
3(6 31 109)
3(35 106 34)
3(32 33 102)
3(28 111 4)
3(6 109 36)
3(105 101 107)
3(140 145 157)
3(138 153 121)
3(152 147 148)
3(121 144 158)
3(136 126 130)
3(126 128 130)
3(153 116 144)
3(141 125 115)
3(145 140 143)
3(137 153 138)
3(132 129 131)
3(153 144 121)
3(152 148 133)
3(129 128 127)
3(130 134 151)
3(135 136 154)
3(140 117 143)
3(49 119 141)
3(142 141 119)
3(136 124 126)
3(129 127 131)
3(136 137 154)
3(123 124 135)
3(25 138 121)
3(135 118 146)
3(52 123 122)
3(136 135 124)
3(9 120 139)
3(155 143 117)
3(133 149 129)
3(122 135 146)
3(118 135 154)
3(26 118 138)
3(117 10 139)
3(48 145 119)
3(134 130 128)
3(139 155 117)
3(131 127 142)
3(44 116 150)
3(115 125 124)
3(143 155 131)
3(139 132 155)
3(27 146 118)
3(115 123 51)
3(140 11 117)
3(150 116 134)
3(124 125 126)
3(151 116 153)
3(114 43 150)
3(142 127 125)
3(41 148 147)
3(137 138 154)
3(152 139 120)
3(132 139 152)
3(50 141 115)
3(130 137 136)
3(145 143 119)
3(155 132 131)
3(114 148 42)
3(128 126 127)
3(141 142 125)
3(122 123 135)
3(123 115 124)
3(134 116 151)
3(151 153 137)
3(118 154 138)
3(133 114 149)
3(120 147 152)
3(158 24 121)
3(158 144 46)
3(142 143 131)
3(137 130 151)
3(149 114 134)
3(8 159 120)
3(129 149 128)
3(140 157 12)
3(146 28 156)
3(125 127 126)
3(133 129 132)
3(53 122 156)
3(150 134 114)
3(159 40 147)
3(133 148 114)
3(47 157 145)
3(147 120 159)
3(156 122 146)
3(138 25 26)
3(10 9 139)
3(140 12 11)
3(132 152 133)
3(144 45 46)
3(128 149 134)
3(40 41 147)
3(28 146 27)
3(45 116 44)
3(26 27 118)
3(117 11 10)
3(48 119 49)
3(24 25 121)
3(53 52 122)
3(52 51 123)
3(114 42 43)
3(120 9 8)
3(44 150 43)
3(42 148 41)
3(47 145 48)
3(49 141 50)
3(47 0 157)
3(24 158 5)
3(5 158 46)
3(4 53 156)
3(1 159 8)
3(51 50 115)
3(28 4 156)
3(12 157 0)
3(40 159 1)
3(45 144 116)
3(142 119 143)
3(168 202 192)
3(162 197 199)
3(193 198 194)
3(196 180 162)
3(200 164 184)
3(176 197 180)
3(190 162 199)
3(178 185 201)
3(168 192 181)
3(182 200 183)
3(195 175 174)
3(64 161 187)
3(191 165 189)
3(162 180 197)
3(183 200 184)
3(177 178 201)
3(172 176 174)
3(175 178 177)
3(175 173 174)
3(175 177 173)
3(198 179 194)
3(183 184 199)
3(184 167 199)
3(171 187 161)
3(160 195 180)
3(163 186 189)
3(165 191 62)
3(195 179 175)
3(182 183 176)
3(173 177 188)
3(187 171 188)
3(191 186 203)
3(196 160 180)
3(33 167 184)
3(166 17 185)
3(170 182 172)
3(176 172 182)
3(189 186 191)
3(178 198 185)
3(162 190 59)
3(184 164 34)
3(161 170 171)
3(18 163 185)
3(185 198 166)
3(174 173 172)
3(181 192 164)
3(161 65 169)
3(196 57 160)
3(181 170 169)
3(165 188 189)
3(192 35 164)
3(185 163 201)
3(170 172 171)
3(173 188 171)
3(194 55 193)
3(163 19 186)
3(163 189 201)
3(189 177 201)
3(200 181 164)
3(165 63 187)
3(167 190 199)
3(160 56 194)
3(167 204 190)
3(189 188 177)
3(180 174 176)
3(67 202 168)
3(169 66 168)
3(176 183 197)
3(191 203 61)
3(193 166 198)
3(199 197 183)
3(160 179 195)
3(195 174 180)
3(169 168 181)
3(64 65 161)
3(187 63 64)
3(186 20 203)
3(202 36 192)
3(173 171 172)
3(161 169 170)
3(179 178 175)
3(187 188 165)
3(54 205 193)
3(190 204 60)
3(66 67 168)
3(182 170 181)
3(32 204 167)
3(205 16 166)
3(160 194 179)
3(181 200 182)
3(62 63 165)
3(169 65 66)
3(61 62 191)
3(184 34 33)
3(17 18 185)
3(166 193 205)
3(19 20 186)
3(178 179 198)
3(55 54 193)
3(36 35 192)
3(59 58 162)
3(60 59 190)
3(57 56 160)
3(7 204 32)
3(67 6 202)
3(203 2 61)
3(204 7 60)
3(205 3 16)
3(35 34 164)
3(32 167 33)
3(19 163 18)
3(6 36 202)
3(203 20 2)
3(205 54 3)
3(16 17 166)
3(194 56 55)
3(196 58 57)
3(196 162 58)
3(214 213 210)
3(219 226 228)
3(229 209 220)
3(224 236 206)
3(258 249 253)
3(214 215 216)
3(220 230 218)
3(253 251 258)
3(231 211 225)
3(209 230 220)
3(218 217 207)
3(227 216 215)
3(236 224 214)
3(262 241 254)
3(240 250 251)
3(246 261 245)
3(212 225 235)
3(217 218 221)
3(238 64 252)
3(259 260 248)
3(219 222 226)
3(248 261 246)
3(226 216 228)
3(237 259 249)
3(216 236 214)
3(62 250 240)
3(221 225 211)
3(225 212 38)
3(220 218 219)
3(257 243 263)
3(217 44 207)
3(242 30 254)
3(252 253 247)
3(207 43 222)
3(247 238 252)
3(235 225 221)
3(237 49 259)
3(59 223 209)
3(255 250 265)
3(213 22 210)
3(48 237 257)
3(258 237 249)
3(207 219 218)
3(244 65 238)
3(209 223 235)
3(251 266 258)
3(251 250 255)
3(239 52 256)
3(238 247 246)
3(267 245 261)
3(206 222 42)
3(239 261 248)
3(210 215 214)
3(214 224 213)
3(239 248 260)
3(253 249 247)
3(252 63 240)
3(41 224 206)
3(260 51 239)
3(259 50 260)
3(230 221 218)
3(257 266 243)
3(227 215 55)
3(208 57 229)
3(244 241 66)
3(236 226 206)
3(219 207 222)
3(255 266 251)
3(227 56 208)
3(245 244 246)
3(254 241 245)
3(222 206 226)
3(240 251 253)
3(223 233 212)
3(255 14 243)
3(249 259 248)
3(229 220 208)
3(67 241 262)
3(267 242 254)
3(235 223 212)
3(225 37 231)
3(265 250 61)
3(234 21 213)
3(255 265 15)
3(254 31 262)
3(238 246 244)
3(208 216 227)
3(211 231 46)
3(230 209 235)
3(219 228 220)
3(208 228 216)
3(248 246 247)
3(210 23 232)
3(252 240 253)
3(228 208 220)
3(238 65 64)
3(63 252 64)
3(267 254 245)
3(263 243 13)
3(29 242 264)
3(39 212 233)
3(40 234 224)
3(237 258 266)
3(266 257 237)
3(215 232 54)
3(256 267 239)
3(224 234 213)
3(66 241 67)
3(256 242 267)
3(263 47 257)
3(233 223 60)
3(256 53 264)
3(215 210 232)
3(255 243 266)
3(21 22 213)
3(62 240 63)
3(14 13 243)
3(242 29 30)
3(255 15 14)
3(30 31 254)
3(261 239 267)
3(37 225 38)
3(65 244 66)
3(249 248 247)
3(61 250 62)
3(210 22 23)
3(45 211 46)
3(40 224 41)
3(241 244 245)
3(45 44 217)
3(215 54 55)
3(212 39 38)
3(48 49 237)
3(53 256 52)
3(239 51 52)
3(43 42 222)
3(256 264 242)
3(44 43 207)
3(59 209 58)
3(42 41 206)
3(257 47 48)
3(60 223 59)
3(208 56 57)
3(259 49 50)
3(263 13 0)
3(7 39 233)
3(47 263 0)
3(262 6 67)
3(265 61 2)
3(231 5 46)
3(233 60 7)
3(4 29 264)
3(4 264 53)
3(3 232 23)
3(260 50 51)
3(21 234 1)
3(37 5 231)
3(6 262 31)
3(2 15 265)
3(230 235 221)
3(40 1 234)
3(3 54 232)
3(56 227 55)
3(57 58 229)
3(221 211 217)
3(216 226 236)
3(211 45 217)
3(58 209 229)
)


// ************************************************************************* //
