/*--------------------------------*- C++ -*----------------------------------*\
| =========                 |                                                 |
| \\      /  F ield         | OpenFOAM: The Open Source CFD Toolbox           |
|  \\    /   O peration     | Version:                                        |
|   \\  /    A nd           | Website:  www.openfoam.com                      |
|    \\/     M anipulation  |                                                 |
\*---------------------------------------------------------------------------*/
FoamFile
{
    version     2.0;
    format      ascii;
    class       vectorField;
    location    "constant/polyMesh";
    object      points;
}
// * * * * * * * * * * * * * * * * * * * * * * * * * * * * * * * * * * * * * //


325
(
(0 0 0.015)
(0 0 0)
(0 0.01 0.015)
(0 0.01 0)
(0.02 0 0.015)
(0.02 0 0)
(0.02 0.01 0.015)
(0.02 0.01 0)
(0 0 0.0025)
(0 0 0.005)
(0 0 0.0075)
(0 0 0.01)
(0 0 0.0125)
(0 0.0025 0.015)
(0 0.005 0.015)
(0 0.0075 0.015)
(0 0.01 0.0025)
(0 0.01 0.005)
(0 0.01 0.0075)
(0 0.01 0.01)
(0 0.01 0.0125)
(0 0.0025 0)
(0 0.005 0)
(0 0.0075 0)
(0.02 0 0.0025)
(0.02 0 0.005)
(0.02 0 0.0075)
(0.02 0 0.01)
(0.02 0 0.0125)
(0.02 0.0025 0.015)
(0.02 0.005 0.015)
(0.02 0.0075 0.015)
(0.02 0.01 0.0025)
(0.02 0.01 0.005)
(0.02 0.01 0.0075)
(0.02 0.01 0.01)
(0.02 0.01 0.0125)
(0.02 0.0025 0)
(0.02 0.005 0)
(0.02 0.0075 0)
(0.0025 0 0)
(0.005 0 0)
(0.0075 0 0)
(0.01 0 0)
(0.0125 0 0)
(0.015 0 0)
(0.0175 0 0)
(0.0025 0 0.015)
(0.005 0 0.015)
(0.0075 0 0.015)
(0.01 0 0.015)
(0.0125 0 0.015)
(0.015 0 0.015)
(0.0175 0 0.015)
(0.0025 0.01 0)
(0.005 0.01 0)
(0.0075 0.01 0)
(0.01 0.01 0)
(0.0125 0.01 0)
(0.015 0.01 0)
(0.0175 0.01 0)
(0.0025 0.01 0.015)
(0.005 0.01 0.015)
(0.0075 0.01 0.015)
(0.01 0.01 0.015)
(0.0125 0.01 0.015)
(0.015 0.01 0.015)
(0.0175 0.01 0.015)
(0 0.00777917878169 0.00628177243753)
(0 0.0020463326506 0.00860831357177)
(0 0.00615331216351 0.012890759239)
(0 0.00211693011264 0.0037605934232)
(0 0.00640809826583 0.00197676559196)
(0 0.0037547207412 0.0128864604819)
(0 0.00493851731083 0.010891963934)
(0 0.00769100285753 0.0109582008037)
(0 0.00616394728724 0.00854060572181)
(0 0.00210554186934 0.00622815116583)
(0 0.00400867068675 0.00500283214028)
(0 0.00805959241317 0.00360870886939)
(0 0.00392770194679 0.00223815515881)
(0 0.00234978365445 0.0110470125234)
(0 0.00400332855726 0.00733712604642)
(0 0.00832571015403 0.0087255611705)
(0 0.00565555882049 0.00628095406886)
(0 0.00816987298108 0.00183012701892)
(0 0.00816987298108 0.0131698729811)
(0 0.00183012701892 0.00183012701892)
(0 0.00183012701892 0.0131698729811)
(0 0.00599046605222 0.00412479196163)
(0 0.00387878785958 0.00927247669479)
(0.02 0.00777917878169 0.00628177243753)
(0.02 0.0020463326506 0.00860831357177)
(0.02 0.00615331216351 0.012890759239)
(0.02 0.00211693011264 0.0037605934232)
(0.02 0.00640809826583 0.00197676559196)
(0.02 0.0037547207412 0.0128864604819)
(0.02 0.00493851731083 0.010891963934)
(0.02 0.00769100285753 0.0109582008037)
(0.02 0.00616394728724 0.00854060572181)
(0.02 0.00210554186934 0.00622815116583)
(0.02 0.00400867068675 0.00500283214028)
(0.02 0.00805959241317 0.00360870886939)
(0.02 0.00392770194679 0.00223815515881)
(0.02 0.00234978365445 0.0110470125234)
(0.02 0.00400332855726 0.00733712604642)
(0.02 0.00832571015403 0.0087255611705)
(0.02 0.00565555882049 0.00628095406886)
(0.02 0.00816987298108 0.00183012701892)
(0.02 0.00816987298108 0.0131698729811)
(0.02 0.00183012701892 0.00183012701892)
(0.02 0.00183012701892 0.0131698729811)
(0.02 0.00599046605222 0.00412479196163)
(0.02 0.00387878785958 0.00927247669479)
(0.00875 0 0.00216506350946)
(0.01125 0 0.0128349364905)
(0.0137226643525 0 0.00226263971413)
(0.00225253704719 0 0.0089872466808)
(0.0177592596876 0 0.00896681413677)
(0.00627043254403 0 0.0128467332253)
(0.00203445390447 0 0.0036881974421)
(0.017917430318 0 0.00371559412497)
(0.0162394065768 0 0.0128830698874)
(0.0137482344295 0 0.0128429587233)
(0.0124997057382 0 0.0106712100199)
(0.00999995095637 0 0.0106700958209)
(0.0112499427824 0 0.00850506945138)
(0.00875 0 0.00850480947162)
(0.00999999046374 0 0.00638393300301)
(0.00749999841062 0 0.00639125417985)
(0.0124999888744 0 0.00639129750982)
(0.00632251561247 0 0.00847152711325)
(0.00509724525013 0 0.00632548800743)
(0.00660810028152 0 0.00424436270719)
(0.011248982704 0 0.0041285501584)
(0.0153881754382 0 0.0104642677255)
(0.01375 0 0.00850480947162)
(0.015 0 0.00633974596216)
(0.017477018127 0 0.00631381973109)
(0.00253287573857 0 0.00630948520416)
(0.00215920988838 0 0.011372118257)
(0.00875339725007 0 0.012836939753)
(0.00751604939382 0 0.0106666630609)
(0.0046540621449 0 0.0105005160486)
(0.0162932465672 0 0.00205424012972)
(0.00377476907503 0 0.0129598763179)
(0.0179202899098 0 0.0112725947734)
(0.00362710846165 0 0.00196960900711)
(0.00609234757204 0 0.00201837173341)
(0.00882141437198 0 0.00466263271158)
(0.0112443294113 0 0.0017112506764)
(0.0136638336156 0 0.0047086420269)
(0.00424815746119 0 0.00424896356674)
(0.0156790321634 0 0.00423244694816)
(0.0158149047358 0 0.00825360710371)
(0.00417184715865 0 0.00811885261085)
(0.0181698729811 0 0.0131698729811)
(0.00183012701892 0 0.0131698729811)
(0.0181698729811 0 0.00183012701892)
(0.00181739816139 0 0.00181739816139)
(0.00875 0.01 0.00216506350946)
(0.01125 0.01 0.0128349364905)
(0.0137226643525 0.01 0.00226263971413)
(0.00225253704719 0.01 0.0089872466808)
(0.0177592596876 0.01 0.00896681413677)
(0.00627043254403 0.01 0.0128467332253)
(0.00203445390447 0.01 0.0036881974421)
(0.017917430318 0.01 0.00371559412497)
(0.0162394065768 0.01 0.0128830698874)
(0.0137482344295 0.01 0.0128429587233)
(0.0124997057382 0.01 0.0106712100199)
(0.00999995095637 0.01 0.0106700958209)
(0.0112499427824 0.01 0.00850506945138)
(0.00875 0.01 0.00850480947162)
(0.00999999046374 0.01 0.00638393300301)
(0.00749999841062 0.01 0.00639125417985)
(0.0124999888744 0.01 0.00639129750982)
(0.00632251561247 0.01 0.00847152711325)
(0.00509724525013 0.01 0.00632548800743)
(0.00660810028152 0.01 0.00424436270719)
(0.011248982704 0.01 0.0041285501584)
(0.0153881754382 0.01 0.0104642677255)
(0.01375 0.01 0.00850480947162)
(0.015 0.01 0.00633974596216)
(0.017477018127 0.01 0.00631381973109)
(0.00253287573857 0.01 0.00630948520416)
(0.00215920988838 0.01 0.011372118257)
(0.00875339725007 0.01 0.012836939753)
(0.00751604939382 0.01 0.0106666630609)
(0.0046540621449 0.01 0.0105005160486)
(0.0162932465672 0.01 0.00205424012972)
(0.00377476907503 0.01 0.0129598763179)
(0.0179202899098 0.01 0.0112725947734)
(0.00362710846165 0.01 0.00196960900711)
(0.00609234757204 0.01 0.00201837173341)
(0.00882141437198 0.01 0.00466263271158)
(0.0112443294113 0.01 0.0017112506764)
(0.0136638336156 0.01 0.0047086420269)
(0.00424815746119 0.01 0.00424896356674)
(0.0156790321634 0.01 0.00423244694816)
(0.0158149047358 0.01 0.00825360710371)
(0.00417184715865 0.01 0.00811885261085)
(0.0181698729811 0.01 0.0131698729811)
(0.00183012701892 0.01 0.0131698729811)
(0.0181698729811 0.01 0.00183012701892)
(0.00181739816139 0.01 0.00181739816139)
(0.00639168642823 0.0020463326506 0)
(0.01125 0.00216506350946 0)
(0.00875 0.00783493649054 0)
(0.01375 0.00783493649054 0)
(0.00210924076104 0.00615331216351 0)
(0.0162394065768 0.00211693011264 0)
(0.018023234408 0.00640809826583 0)
(0.0021135395181 0.0037547207412 0)
(0.00410803606598 0.00493851731083 0)
(0.00404179919633 0.00769100285753 0)
(0.00644831786357 0.00613521576426 0)
(0.0137482344295 0.00215704127666 0)
(0.0124997057382 0.00422286218783 0)
(0.0099798881257 0.00416745535985 0)
(0.01125 0.00649519052838 0)
(0.0150132459126 0.00403824284439 0)
(0.00877026242566 0.00208645215897 0)
(0.0163965865369 0.00806888536464 0)
(0.00395298747664 0.00234978365445 0)
(0.0177630167109 0.00392985735186 0)
(0.00765788352739 0.00402182246388 0)
(0.00634802341198 0.00833223102247 0)
(0.00876361936409 0.005755428941 0)
(0.01125 0.0084705032443 0)
(0.0137070519261 0.00575869772154 0)
(0.0181698729811 0.00183012701892 0)
(0.00183012701892 0.00816987298108 0)
(0.0181698729811 0.00816987298108 0)
(0.00183012701892 0.00183012701892 0)
(0.0158945310403 0.00600197893917 0)
(0.00572752330521 0.00387878785958 0)
(0.00625 0.00216506350946 0.015)
(0.01125 0.00783493649054 0.015)
(0.01375 0.00216506350946 0.015)
(0.00625 0.00783493649054 0.015)
(0.0162394065768 0.00788306988736 0.015)
(0.018023234408 0.00359190173417 0.015)
(0.00197676559196 0.00359190173417 0.015)
(0.0137482344295 0.00784295872334 0.015)
(0.0150132949563 0.00594387968376 0.015)
(0.0125019215643 0.00582280559595 0.015)
(0.0100003202607 0.00569536175022 0.015)
(0.01125 0.00350480947162 0.015)
(0.00833338671012 0.00378416344891 0.015)
(0.0037605934232 0.00788306988736 0.015)
(0.00498641078197 0.00594254264496 0.015)
(0.00875005337679 0.00783918461873 0.015)
(0.00742836185493 0.00587276086312 0.015)
(0.0177630202855 0.00606883962541 0.015)
(0.00223695826681 0.0060687421736 0.015)
(0.0163965865369 0.00193111463536 0.015)
(0.00360341346314 0.00193111463536 0.015)
(0.006212349503 0.00435282520321 0.015)
(0.0089980222274 0.00174456254754 0.015)
(0.0112996044455 0.00148288710572 0.015)
(0.0137073754789 0.00424527232302 0.015)
(0.0181698729811 0.00816987298108 0.015)
(0.00183012701892 0.00183012701892 0.015)
(0.0181698729811 0.00183012701892 0.015)
(0.00183012701892 0.00816987298108 0.015)
(0.00410195623504 0.00400196507459 0.015)
(0.0158945473604 0.00399736116 0.015)
(0.00999989633165 0.005 0.00922670570914)
(0.0150519767878 0.005 0.00707585105511)
(0.00516480533856 0.005 0.00749579051432)
(0.00892078242903 0.00473516207709 0.00462251003607)
(0.0137456257046 0.00552383430498 0.011016171033)
(0.0065736209953 0.0053101911408 0.0111790063575)
(0.0126980394571 0.00611310105022 0.00393620320319)
(0.005212667962 0.00485930326787 0.00366755682675)
(0.0163713751725 0.00377635786681 0.00363155478355)
(0.00348056334202 0.0034834785779 0.0103918270165)
(0.0118023705135 0.00354591651476 0.0064517149672)
(0.016488467271 0.00340874728435 0.0099851711746)
(0.00341112484414 0.00673837147959 0.0117013016733)
(0.00801431786927 0.00676110959089 0.00715460325563)
(0.0123449268176 0.0069054812142 0.00772610981991)
(0.00793316808304 0.00315091471591 0.00738128484099)
(0.00940473557379 0.00688762913613 0.011889625002)
(0.00308780885639 0.00671767388318 0.00548969265995)
(0.0165810415227 0.00682232628141 0.00956205444377)
(0.0087686953491 0.00292011575802 0.0114037564783)
(0.0169532001021 0.00694414030519 0.00304679989792)
(0.0132850975439 0.0029928491019 0.0036880535043)
(0.00314070209908 0.00317695936731 0.00562048367534)
(0.0135271513594 0.00307981921365 0.00902296272672)
(0.0119580910421 0.00297460300051 0.0118309279052)
(0.00734505361293 0.00282880025639 0.00280838451202)
(0.0032580308881 0.00711437540821 0.00865436176545)
(0.00268117287158 0.00269467121889 0.0026882224105)
(0.0103783372905 0.0026732712216 0.00286533978699)
(0.00628040442321 0.00269793035218 0.00980323027245)
(0.0103524845214 0.00722551037133 0.00538128580171)
(0.0172146185817 0.00290968116734 0.00703035594062)
(0.00745390548401 0.00711213705795 0.00294253070045)
(0.0172331544354 0.0067174765794 0.00600168470283)
(0.016526344913 0.00542645409044 0.0122801605582)
(0.00265882588425 0.00735185846558 0.00265882588425)
(0.0121272257085 0.00737335124326 0.0123733512433)
(0.00596185127545 0.00262323465996 0.00533636960156)
(0.0060558975811 0.00725105840336 0.00916177839662)
(0.0148485699491 0.00300775222006 0.0123995534914)
(0.0143104188811 0.00736179926461 0.00581959561686)
(0.0058787592616 0.00741111842624 0.00533496358454)
(0.00537577263284 0.0030834096982 0.012463257295)
(0.00999989633165 0.00770833750176 0.00922670570914)
(0.0101730981145 0.00637650968993 0.00268939989166)
(0.00999991070313 0.00231161137733 0.00908851083687)
(0.00255121460748 0.00455779633524 0.00807908332555)
(0.0175357461288 0.00271301082543 0.0124888896465)
(0.0142986036563 0.00259007412711 0.00614733028564)
(0.00428794647145 0.00260803795908 0.00806811191572)
(0.00249296800445 0.0044667861731 0.0125971378472)
(0.0147755942968 0.00740143828732 0.012589415005)
(0.00948483431032 0.00236173418526 0.00547252467377)
(0.0147947050019 0.00553222305577 0.00241258394703)
(0.0141013849432 0.0076225880983 0.009512770723)
(0.0101898914485 0.00459775482966 0.0127022467488)
(0.00695616603447 0.00751083986189 0.0125156359052)
)


// ************************************************************************* //
