/*--------------------------------*- C++ -*----------------------------------*\
| =========                 |                                                 |
| \\      /  F ield         | OpenFOAM: The Open Source CFD Toolbox           |
|  \\    /   O peration     | Version:                                        |
|   \\  /    A nd           | Website:  www.openfoam.com                      |
|    \\/     M anipulation  |                                                 |
\*---------------------------------------------------------------------------*/
FoamFile
{
    version     2.0;
    format      ascii;
    class       labelList;
    note        "nPoints:1980  nCells:325  nFaces:2242  nInternalFaces:1634";
    location    "constant/polyMesh";
    object      neighbour;
}
// * * * * * * * * * * * * * * * * * * * * * * * * * * * * * * * * * * * * * //


1634
(
12
13
47
88
157
263
8
21
40
87
159
234
15
20
61
86
203
265
16
23
54
85
205
232
28
29
53
111
156
264
24
37
46
110
158
231
31
36
67
109
202
262
32
39
60
108
204
233
9
71
87
120
159
10
71
77
120
139
11
69
77
117
139
12
69
81
117
140
81
88
140
157
14
73
88
243
263
15
70
73
243
255
318
70
86
255
265
17
79
85
166
205
18
68
79
166
185
19
68
83
163
185
20
75
83
163
186
75
86
186
203
22
80
87
213
234
23
72
80
210
213
72
85
210
232
25
94
110
121
158
26
94
100
121
138
27
92
100
118
138
28
92
104
118
146
104
111
146
156
30
96
111
242
264
31
93
96
242
254
93
109
254
262
33
102
108
167
204
34
91
102
167
184
35
91
106
164
184
36
98
106
164
192
98
109
192
202
38
103
110
225
231
39
95
103
212
225
95
108
212
233
41
147
159
224
234
42
147
148
206
224
43
114
148
206
222
44
114
150
207
222
45
116
150
207
217
46
116
144
211
217
144
158
211
231
48
145
157
257
263
49
119
145
237
257
50
119
141
237
259
51
115
141
259
260
52
115
123
239
260
53
122
123
239
256
307
122
156
256
264
55
193
205
215
232
56
193
194
215
227
57
160
194
208
227
58
160
196
208
229
59
162
196
209
229
60
162
190
209
223
190
204
223
233
62
191
203
250
265
63
165
191
240
250
64
165
187
240
252
324
65
161
187
238
252
66
161
169
238
244
304
67
168
169
241
244
319
168
202
241
262
76
79
83
84
89
166
185
285
294
77
81
82
90
117
139
277
290
314
317
73
74
75
86
255
265
280
318
77
78
80
87
120
290
295
79
80
85
89
210
232
303
74
81
88
243
318
75
76
81
90
277
280
294
314
318
76
83
86
163
186
280
294
82
83
84
90
294
314
78
82
120
139
290
314
80
82
84
89
290
295
85
89
166
205
285
303
87
89
210
213
295
303
88
90
117
140
277
318
84
90
290
314
163
185
294
89
285
290
294
314
205
232
303
186
203
265
280
120
159
213
234
295
140
157
243
263
318
285
290
295
303
277
314
99
102
106
107
112
167
184
301
100
104
105
113
118
138
279
299
96
97
98
109
254
262
302
100
101
103
110
121
276
299
102
103
108
112
212
225
288
97
104
111
242
254
302
315
98
99
104
113
279
286
302
315
99
106
109
164
192
286
302
105
106
107
113
286
299
301
101
105
121
138
299
103
105
107
112
276
299
301
108
112
167
204
288
301
110
112
225
231
276
288
111
113
118
146
279
315
107
113
299
301
164
184
286
301
112
301
204
212
233
288
192
202
262
302
121
158
231
276
146
156
242
264
315
276
288
301
279
286
299
133
134
148
149
150
206
222
293
296
123
124
125
141
259
260
287
292
134
144
150
151
153
211
217
289
139
140
143
155
277
317
135
138
146
154
279
299
141
142
143
145
237
287
310
139
147
152
159
290
295
138
144
153
158
276
299
123
135
146
156
256
307
315
124
135
239
260
292
307
125
126
135
136
291
292
307
313
126
127
141
142
287
292
313
127
128
130
136
278
291
313
128
129
131
142
283
297
313
129
130
134
149
278
283
313
320
131
132
133
149
283
305
320
134
136
137
151
278
289
291
316
320
132
142
143
155
283
297
305
317
133
139
152
155
290
305
317
148
149
152
293
305
149
150
151
278
289
296
320
136
146
154
279
291
307
315
137
154
291
316
138
151
153
154
299
316
153
154
276
299
152
155
290
317
143
145
157
277
318
142
237
259
287
143
287
297
310
313
145
155
277
297
310
317
153
158
211
231
276
289
157
237
257
277
310
318
156
279
315
148
152
159
224
234
295
152
206
224
293
295
305
293
296
305
320
207
217
222
289
296
153
289
316
290
295
305
276
289
299
316
279
291
299
316
317
256
264
315
257
263
318
231
276
234
295
179
180
194
195
196
208
227
229
300
312
169
170
171
187
238
284
304
180
190
196
197
199
209
274
288
308
321
185
186
189
201
294
181
184
192
200
286
301
187
188
189
191
240
324
185
193
198
205
285
303
184
190
199
204
288
301
169
181
192
202
241
262
302
319
170
181
244
304
319
171
172
181
182
304
311
319
322
172
173
187
188
284
304
311
173
174
176
182
282
311
322
174
175
177
188
281
306
311
175
176
180
195
281
282
298
311
177
178
179
195
281
298
309
180
182
183
197
282
298
308
178
188
189
201
281
306
309
179
185
198
201
285
294
306
309
194
195
198
300
309
195
196
197
274
298
312
182
192
200
286
319
322
183
200
282
308
322
184
197
199
200
301
308
199
200
301
198
201
285
294
189
191
203
280
294
188
238
252
284
324
189
284
306
311
324
191
201
280
294
306
324
199
204
209
223
288
203
240
250
265
280
324
202
286
302
319
194
198
205
215
232
303
198
215
227
300
303
309
298
300
309
312
209
229
274
312
199
274
298
308
285
303
309
288
301
308
321
286
301
308
322
285
294
306
262
302
265
280
223
233
288
232
303
222
224
226
236
293
217
218
219
222
289
296
216
220
227
228
229
300
312
220
223
229
230
235
274
288
321
213
214
215
232
295
303
217
221
225
231
276
289
223
225
233
235
288
214
224
234
295
215
216
224
236
275
295
303
216
227
232
275
300
303
226
227
228
236
275
293
300
218
221
289
219
220
221
230
274
289
296
312
321
220
222
226
228
293
296
312
228
229
230
274
312
225
230
235
276
289
321
226
293
296
233
235
288
321
234
236
293
295
231
235
276
288
321
228
236
293
300
300
293
300
312
274
312
235
274
321
276
303
288
295
288
321
275
293
295
249
257
258
259
266
287
310
244
246
247
252
284
304
248
256
260
261
267
292
307
250
251
252
253
324
244
245
254
262
302
319
254
256
264
267
302
315
255
257
263
266
318
245
246
304
319
246
254
261
267
302
307
319
247
248
261
272
292
304
319
323
248
249
252
253
284
304
323
249
259
260
261
292
323
253
258
259
273
287
310
323
251
255
265
280
324
253
255
258
266
273
280
310
318
324
253
284
324
258
273
284
323
324
262
267
302
265
266
280
318
264
267
307
315
263
266
310
318
266
273
310
260
287
292
323
292
323
267
272
292
307
319
302
318
315
280
310
318
302
307
315
271
272
273
278
281
282
283
284
287
291
292
297
298
304
306
311
313
323
272
274
276
278
279
282
286
291
299
301
308
316
321
322
271
273
275
277
281
283
285
290
294
297
305
306
309
314
317
274
275
278
281
283
293
296
298
300
305
309
312
320
279
282
286
291
292
302
304
307
311
319
322
323
277
280
283
284
287
297
306
310
311
323
324
276
278
282
289
296
298
308
312
316
321
285
290
293
295
300
303
305
309
288
289
299
301
308
316
321
280
294
297
306
310
314
317
318
282
283
289
291
296
298
313
316
320
286
291
299
302
307
315
294
306
310
314
318
324
282
283
298
306
309
311
291
298
308
311
322
287
297
305
306
313
317
320
287
304
306
311
323
324
290
294
295
303
309
314
299
301
302
308
319
322
292
297
310
313
323
301
308
321
296
316
320
321
295
305
314
317
292
299
307
313
316
307
313
323
295
296
300
305
312
320
306
309
314
303
305
312
320
310
313
317
300
308
309
311
312
301
316
303
309
312
308
321
307
315
319
309
311
319
322
323
317
320
309
311
324
315
319
321
322
318
322
320
317
322
)


// ************************************************************************* //
