/*--------------------------------*- C++ -*----------------------------------*\
| =========                 |                                                 |
| \\      /  F ield         | OpenFOAM: The Open Source CFD Toolbox           |
|  \\    /   O peration     | Version:                                        |
|   \\  /    A nd           | Website:  www.openfoam.com                      |
|    \\/     M anipulation  |                                                 |
\*---------------------------------------------------------------------------*/
FoamFile
{
    version     2.0;
    format      ascii;
    class       vectorField;
    location    "constant/polyMesh";
    object      points;
}
// * * * * * * * * * * * * * * * * * * * * * * * * * * * * * * * * * * * * * //


1980
(
(0 0 0.015)
(0 0 0)
(0 0.01 0.015)
(0 0.01 0)
(0.02 0 0.015)
(0.02 0 0)
(0.02 0.01 0.015)
(0.02 0.01 0)
(0 0 0.0025)
(0 0 0.005)
(0 0 0.0075)
(0 0 0.01)
(0 0 0.0125)
(0 0.0025 0.015)
(0 0.005 0.015)
(0 0.0075 0.015)
(0 0.01 0.0025)
(0 0.01 0.005)
(0 0.01 0.0075)
(0 0.01 0.01)
(0 0.01 0.0125)
(0 0.0025 0)
(0 0.005 0)
(0 0.0075 0)
(0.02 0 0.0025)
(0.02 0 0.005)
(0.02 0 0.0075)
(0.02 0 0.01)
(0.02 0 0.0125)
(0.02 0.0025 0.015)
(0.02 0.005 0.015)
(0.02 0.0075 0.015)
(0.02 0.01 0.0025)
(0.02 0.01 0.005)
(0.02 0.01 0.0075)
(0.02 0.01 0.01)
(0.02 0.01 0.0125)
(0.02 0.0025 0)
(0.02 0.005 0)
(0.02 0.0075 0)
(0.0025 0 0)
(0.005 0 0)
(0.0075 0 0)
(0.01 0 0)
(0.0125 0 0)
(0.015 0 0)
(0.0175 0 0)
(0.0025 0 0.015)
(0.005 0 0.015)
(0.0075 0 0.015)
(0.01 0 0.015)
(0.0125 0 0.015)
(0.015 0 0.015)
(0.0175 0 0.015)
(0.0025 0.01 0)
(0.005 0.01 0)
(0.0075 0.01 0)
(0.01 0.01 0)
(0.0125 0.01 0)
(0.015 0.01 0)
(0.0175 0.01 0)
(0.0025 0.01 0.015)
(0.005 0.01 0.015)
(0.0075 0.01 0.015)
(0.01 0.01 0.015)
(0.0125 0.01 0.015)
(0.015 0.01 0.015)
(0.0175 0.01 0.015)
(0.0102688834489 0.0051266472408 0.00642055412853)
(0.00932187028784 0.00593044550983 0.00659627620064)
(0.00341011889356 0.00540587670888 0.00362607444536)
(0.00210695190305 0.00568866740497 0.00374038322908)
(0.018154126951 0.00839908176788 0.0124731253235)
(0.0154343390371 0.00745954065639 0.00387785660249)
(0.0167937577619 0.00786984923972 0.0137908076114)
(0.0122355922171 0.00810463519626 0.0014118634699)
(0.00524160443793 0.00356539065068 0.00229104093732)
(0.0172139785952 0.00885661352261 0.01240142455)
(0.0182165227188 0.00794155001315 0.0134049766301)
(0.0155472814651 0.00222153427034 0.00234346210439)
(0.0113413667457 0.00774002849611 0.00208421344281)
(0.0062942537478 0.0055013959428 0.00528020524042)
(0.00699466622462 0.00597684752355 0.00615196684764)
(0.0193036546454 0.00423893621786 0.00804514110091)
(0.0096640543393 0.00410799832694 0.00692055388835)
(0.017276374363 0.00839908176788 0.0133332758567)
(0.00222742095676 0.0046449426304 0.00448079767685)
(0.00648799971003 0.00403975905222 0.00896482799631)
(0.00631502675126 0.00430442500123 0.00528055674468)
(0.00871704117825 0.00491179659597 0.00709627596046)
(0.00750826842997 0.00491179659597 0.00666354716175)
(0.00353058794726 0.00436215193431 0.00436648889313)
(0.00492668431659 0.00293801074733 0.00137415173063)
(0.0114681610191 0.0064013807625 0.0104607334236)
(0.0159451880909 0.00767774056628 0.0131881613627)
(0.0138814569231 0.00725178084265 0.0036077556203)
(0.0186116587057 0.00782183248226 0.0119202072791)
(0.011124919546 0.00566922702507 0.00719645407449)
(0.0115225862964 0.00628441325523 0.0092989230678)
(0.0177572036349 0.00565335782885 0.00778367520226)
(0.00815732780992 0.00631739676148 0.0096985490431)
(0.00186230987922 0.00503188594869 0.00189630086339)
(0.017875856018 0.0022007422867 0.00453452456808)
(0.0163654089241 0.00820697309444 0.012256310056)
(0.0165201978319 0.00536237100704 0.00741748653558)
(0.00699515178152 0.00387732786324 0.00620898874823)
(0.0076967724583 0.00403975905222 0.00939755679502)
(0.00531872181424 0.00526118203051 0.00955710057124)
(0.00172598828768 0.0041326015176 0.00123159439233)
(0.00288931889571 0.0052845897897 0.00133676207369)
(0.0122152950074 0.00400052089039 0.00262239912362)
(0.0089945373081 0.00622653944467 0.0103805106944)
(0.0114372951501 0.0048464360374 0.00237273572046)
(0.0186119432543 0.00494860839781 0.00722744310292)
(0.00297687757747 0.00198756618775 0.0118302398596)
(0.0187830122249 0.00178303828733 0.00518367366365)
(0.00275299730417 0.00438530535861 0.000672055602625)
(0.014213785032 0.00600178084265 0.00481105845555)
(0.00366517569595 0.00496108756579 0.00225365128037)
(0.00256426849669 0.00111669654328 0.0125247513508)
(0.00484179963165 0.00675357541223 0.00231722835286)
(0.0146267050997 0.00822350558009 0.00368181655654)
(0.0125479584493 0.00694006027981 0.00937043932126)
(0.012493533172 0.00705702778707 0.0105322496771)
(0.00448982428744 0.00571222809737 0.00892593942322)
(0.00800853762046 0.00678930404551 0.0103642788663)
(0.0115156597983 0.00562373509447 0.0113296186836)
(0.0147290241048 0.0051054204932 0.00426404824722)
(0.0124044000533 0.00512728368321 0.00924798732219)
(0.0142488507257 0.0018167051228 0.00148767330461)
(0.0109498824225 0.00426686271592 0.00446894199836)
(0.0024949657945 0.00309728157806 0.0075939981221)
(0.00145546874266 0.00396769183129 0.00435908254694)
(0.00843661115753 0.00419337675528 0.000702096128005)
(0.0181777802837 0.00185915297616 0.00182295220535)
(0.00133499968896 0.00499117442087 0.0029274988538)
(0.0148851037601 0.00127744480363 0.00200123333704)
(0.0151321189608 0.0054175950468 0.00473489635064)
(0.00378101826358 0.0027584186123 0.0121030246192)
(0.00530018643049 0.00325150235078 0.00362513333771)
(0.00552095955047 0.00796877848744 0.00323867297566)
(0.0167684753244 0.00193085374959 0.00142144872832)
(0.0177569190864 0.00748494580735 0.0110182526448)
(0.00851750202842 0.006680126374 0.00869244826763)
(0.0128537583052 0.00848700938519 0.00197752339843)
(0.015287400405 0.00811909084024 0.00298861762681)
(0.0164508176606 0.00741255466479 0.0114260561951)
(0.0113427843929 0.00686382612821 0.00165640077371)
(0.00292531939038 0.00159947520211 0.0134317217865)
(0.0104304372656 0.00596468380226 0.0115479821758)
(0.0185722013726 0.00193085374959 0.00323446733766)
(0.00162057622794 0.00157422829801 0.0125772505166)
(0.0050178903833 0.00196831378243 0.00187874466398)
(0.00141839445941 0.00183220847181 0.00669160840427)
(0.00249038107727 0.00195783249425 0.00715159859175)
(0.0135987390766 0.00836872507871 0.00418177014027)
(0.0163340260408 0.00453518868327 0.00841335815352)
(0.012974328394 0.00539112469479 0.00629746976135)
(0.0122370098643 0.00722843282836 0.000984050800797)
(0.00471952254477 0.00869074422296 0.00356528119223)
(0.0172510919255 0.00140162122143 0.00187898048305)
(0.0157417313192 0.00571390842771 0.00563217153959)
(0.00142297917664 0.00297165755562 0.00713400793462)
(0.00243915887636 0.00205700695685 0.0139417527071)
(0.00530103964796 0.00668360430441 0.003650969249)
(0.0136013404859 0.00634509538226 0.00613943992377)
(0.00585431270575 0.00277592610526 0.000702096128005)
(0.00119201666132 0.00596024271043 0.00171843665875)
(0.0127561941188 0.00767510267154 0.00496143166216)
(0.00780511549711 0.00492954717981 0.00143772880312)
(0.0156774133727 0.00584696419165 0.00446635476257)
(0.0119185862555 0.00463280423565 0.00810687330574)
(0.0181146696179 0.00140162122143 0.00275185073659)
(0.0103829384864 0.00674232947029 0.0106790969159)
(0.0181848628053 0.00592254854718 0.00125589137247)
(0.0159848798938 0.00772540053135 0.00740923546679)
(0.0134627476037 0.00431227292302 0.00590277487779)
(0.0090654148043 0.00478204856179 0.00137444610092)
(0.0158228696051 0.00663890980124 0.00432016604116)
(0.00236072569841 0.00492954092589 0.0102660439873)
(0.0186740544735 0.00697987805403 0.0133351981946)
(0.0120409612013 0.00383128447212 0.00423532786542)
(0.00578917262648 0.0064494147369 0.0016525218818)
(0.00790565427482 0.00398205931275 0.0104031747043)
(0.0120988824399 0.00472974943278 0.0126373364218)
(0.00506171953416 0.00803874959526 0.00190493207953)
(0.0114733761317 0.00452404803379 0.011194012849)
(0.00230509258493 0.00583726513347 0.00983167767458)
(0.00839915246813 0.00566708399243 0.0126927195271)
(0.00257993110524 0.00317391138071 0.00878683395739)
(0.0191315862283 0.00686016052314 0.0123247483955)
(0.0152019375207 0.00795167841108 0.00828700697183)
(0.00843391914388 0.00551821898632 0.00211007877603)
(0.00946909428591 0.00401150913194 0.00209078104767)
(0.0100897593375 0.00659373207671 0.00833353112345)
(0.00381173079386 0.00237032762666 0.013255067865)
(0.0102437021546 0.00190982032652 0.0127674052185)
(0.0158482583016 0.00821199054009 0.00127526000691)
(0.0143439872531 0.00934044981615 0.00425583107651)
(0.0127066814731 0.00864682740898 0.00557520523882)
(0.0142873042939 0.00460363276868 0.00341709885952)
(0.00116304447321 0.00216167421162 0.0120465354022)
(0.010177906385 0.0064730252941 0.0073721761466)
(0.0123076911094 0.00414456412978 0.0102741918435)
(0.0123819153462 0.001828738472 0.00134982604517)
(0.0129782534475 0.00464162880611 0.0132117747345)
(0.0108764294288 0.00155051316344 0.0136664660989)
(0.0136674201674 0.00512728368321 0.00871027365869)
(0.00847320991012 0.00526315227034 0.00326570628505)
(0.00594551877246 0.00180622914036 0.00120668906136)
(0.00203318530871 0.00257501210136 0.011352023911)
(0.0121411661065 0.00582943649346 0.0127729422563)
(0.00464575521949 0.00859135845289 0.00806512019509)
(0.00153830551057 0.00203176005274 0.0134842209524)
(0.010177906385 0.00715010966954 0.0073721761466)
(0.0193082886089 0.0056350778111 0.00704009263498)
(0.00920431786174 0.00415343581125 0.00324640855668)
(0.00400533227714 0.00621017047545 0.00158159567775)
(0.0181522667567 0.00125380575917 0.00582198024063)
(0.00662378246032 0.00413264737278 0.0134105659131)
(0.0172451105498 0.00167150975854 0.00517283114506)
(0.0182673771984 0.00476209468404 0.00992791656179)
(0.0186353120384 0.00284107846286 0.00192495924032)
(0.016338108678 0.00574254945179 0.00377315583283)
(0.0183964984386 0.00320290995839 0.00485633407191)
(0.00824414472009 0.00796175626031 0.0102361930422)
(0.00408840409548 0.00126111371833 0.00166905078775)
(0.00508673231356 0.00526862874089 0.0125858913314)
(0.00447566334421 0.00803307030721 0.0130442034741)
(0.0178933639114 0.00796637825371 0.00831402861347)
(0.0022683398143 0.00116359265242 0.00799328934311)
(0.0193036546454 0.00278520595902 0.00550548316748)
(0.00812664090975 0.00793719146388 0.00458035319957)
(0.00713692976584 0.00482998516401 0.0140447515894)
(0.0130210277927 0.0038104851985 0.00505582549008)
(0.0109434192303 0.00540492250335 0.00509792850204)
(0.00997867501677 0.00305925903393 0.0127342327831)
(0.00824554104675 0.00344224020653 0.00945374432522)
(0.00598401891609 0.00828384273449 0.00124022560847)
(0.00722629012197 0.00502449388562 0.00143772880312)
(0.00443235005119 0.00409281991429 0.00158894480931)
(0.00250526171517 0.0020344622969 0.0090138747962)
(0.0186790542032 0.00530244946742 0.00181543016217)
(0.0154071878618 0.00169230174218 0.00340157384143)
(0.0152138195833 0.00214489362702 0.00761356401417)
(0.00846639862576 0.00415305629435 0.0125712523961)
(0.0177047870474 0.00435304657508 0.00541660689182)
(0.00813131525221 0.00489121757062 0.0134703132766)
(0.0133193869353 0.00471525884893 0.00250921016363)
(0.0117994553274 0.00594750228763 0.005873828448)
(0.0154736229102 0.00709504630403 0.00136484596124)
(0.015761285487 0.00234956191633 0.00857302423641)
(0.00953528883397 0.00344843187325 0.00598200862951)
(0.00507248324523 0.00794413805945 0.00736914793851)
(0.0166855110112 0.00167150975854 0.00530204435085)
(0.0122698633824 0.0016564339321 0.00759276116378)
(0.00063780365187 0.00317824985311 0.00756316852739)
(0.0181148095449 0.00645461971511 0.0137927299493)
(0.0138109785633 0.00626297590437 0.00883272565776)
(0.0177718979964 0.00464451436766 0.00222912746007)
(0.0168612139452 0.000944089466702 0.00447335389694)
(0.00944252870664 0.00116616957639 0.0130189081804)
(0.00416219659161 0.000673667804722 0.00273129167944)
(0.0106114022909 0.00269995187086 0.0136332936635)
(0.0171879812597 0.000944089466702 0.00280787901429)
(0.00495270527197 0.00590600980012 0.000916889206688)
(0.00406656906585 0.00505777749896 0.0129404242039)
(0.00410502027857 0.00876071533078 0.00166170165619)
(0.0115394410614 0.00195779595824 0.00206616099192)
(0.00415660984478 0.00933796461639 0.00272394254788)
(0.0154667778215 0.00518872696769 0.00940981192662)
(0.0180760662161 0.00336601104609 0.00146742748559)
(0.0148051423641 0.00757782496288 0.00193050588977)
(0.0151797777555 0.00869476919893 0.00184091993544)
(0.0105425643228 0.00497451100971 0.00352836322948)
(0.00726286892184 0.00377447001148 0.0125115050327)
(0.0116448438396 0.00223433677643 0.00826706449554)
(0.0075106312858 0.00127129481687 0.0130218573641)
(0.0158909073935 0.00231902829031 0.00526042198949)
(0.00748321214579 0.00791238185035 0.0110584255912)
(0.00868673706246 0.00502948400874 0.0109247733867)
(0.0131816063696 0.00463280423565 0.00756915964223)
(0.0147033052807 0.00425310020074 0.00927503899736)
(0.00661498623063 0.00523386408662 0.0023546180098)
(0.00759072111462 0.00639535525048 0.0126460668162)
(0.0113411124217 0.00812240268504 0.00311635098241)
(0.00537484852477 0.00412290001772 0.00971746354019)
(0.0155896195131 0.008519818961 0.00660365834639)
(0.0107577573172 0.0043600246148 0.00138868491966)
(0.0137413522029 0.00737006514913 0.00215285671609)
(0.00819252870664 0.00170743545375 0.0135601740578)
(0.000664706471062 0.0059195311826 0.00274963464916)
(0.0150112055337 0.00670167841108 0.00799256795968)
(0.0113712623591 0.00334150839787 0.00979227679448)
(0.00518538213318 0.00830721155995 0.0138688780558)
(0.0125386992804 0.00564746287199 0.000984050800797)
(0.0157941479067 0.00647540053136 0.00711479645464)
(0.0168470900954 0.0083849507152 0.00819604009677)
(0.00234616404765 0.00490678838536 0.0113955576177)
(0.00917541761673 0.00334566046282 0.00927506446632)
(0.010164533206 0.00868064140667 0.0131403753114)
(0.00953954655016 0.00814043756135 0.0136816411887)
(0.00166728893306 0.00662056676404 0.0105514570441)
(0.00548183066397 0.00637548628181 0.012598985984)
(0.0063001857838 0.00536957996302 0.0140447515894)
(0.0190928437931 0.00291277923629 0.00286510759612)
(0.0134248755308 0.00540672100384 0.00158719678755)
(0.0107630536157 0.00146438197302 0.00760730706461)
(0.00578703847828 0.00467224217179 0.0134105659131)
(0.0171359178603 0.00291331808756 0.000907888695887)
(0.00222426358799 0.00601135111178 0.00712602295495)
(0.0128512728458 0.00655048144767 0.000984050800798)
(0.0116552108274 0.00580191586409 0.00165640077371)
(0.00390373303832 0.00845801232285 0.00714709876092)
(0.00724760504616 0.00673992963554 0.0111865114153)
(0.00150794448738 0.00349159885583 0.00908792515215)
(0.0126957594279 0.00288445401896 0.000922013376075)
(0.0181173580625 0.00876079668336 0.0075019699353)
(0.0164705742469 0.00504564464491 0.00227273465712)
(0.0191452603807 0.00545089468477 0.00956677519859)
(0.00433046106405 0.00781079192941 0.00645112650434)
(0.0121820531804 0.00817606921083 0.0104460094238)
(0.00666622513149 0.00204214724142 0.0129284367496)
(0.0135649155437 0.00393786546214 0.0125616631074)
(0.00993383640783 0.003502110652 0.00803705408855)
(0.00526931265115 0.00787506743621 0.0109698080059)
(0.0137374490963 0.00630973957952 0.00158719678755)
(0.00317523342043 0.00547350545023 0.0097066434452)
(0.0127567707541 0.000769954803412 0.00810603478988)
(0.0119908350745 0.00833465285539 0.00453867029755)
(0.0164677812443 0.00460087890339 0.00593486162053)
(0.00145231137389 0.00569365908538 0.0090415036867)
(0.0061263703606 0.00209554683374 0.00731432336788)
(0.00607301148897 0.00731764667555 0.000735632675112)
(0.00361365354404 0.00503891258034 0.00865526565545)
(0.0119240377187 0.00805910170356 0.00874266392586)
(0.0184535489895 0.00700736507552 0.00820747650973)
(0.0113323322269 0.00348433677643 0.00844747355998)
(0.00477857377095 0.00701870596845 0.0135542343946)
(0.0106743245336 0.00795983227182 0.00717950858344)
(0.000670293217895 0.00415537747616 0.0035135004178)
(0.0014332750973 0.00196989872074 0.00975859994812)
(0.0130320286009 0.00230395246388 0.00700332637235)
(0.00469903052463 0.00856230283537 0.0119193324863)
(0.00959080467576 0.00485137493095 0.0113055834846)
(0.0118532851431 0.0030135115052 0.00163834832282)
(0.0122285039812 0.00902827526255 0.00300966093803)
(0.0130000814343 0.00128747259464 0.00191548597371)
(0.00219493139074 0.00502699710155 0.00636755343243)
(0.0136826292611 0.00574833762782 0.0134013965095)
(0.0108986890988 0.00865345467899 0.00796045449586)
(0.0173989634267 0.00514901124176 0.0106798375276)
(0.00508937326734 0.00669413805945 0.00766172356523)
(0.0155480636004 0.00137493882361 0.00593746978414)
(0.00129378900089 0.00184985783732 0.00482435642662)
(0.00411742992985 0.00346544001094 0.000672055602625)
(0.018401132402 0.00512324279629 0.00469021589707)
(0.0163513632138 0.005602049913 0.00136484596124)
(0.00158645993612 0.00681669672339 0.00667669523295)
(0.0082050279455 0.007930126374 0.00851197420825)
(0.0170710842465 0.00917936914485 0.0073839814186)
(0.0113880731585 0.00088647912869 0.00693300373285)
(0.0176394324275 0.0058571102009 0.00420120783648)
(0.0148700072396 0.00624218717117 0.00929171181372)
(0.011174396734 0.00314001360188 0.0136332936635)
(0.0186775431406 0.00820559137878 0.00683070951049)
(0.0103217764977 0.00205481551934 0.00684917087021)
(0.00471027045358 0.00465386272412 0.0114338480856)
(0.0183311438186 0.00515966654275 0.00326032545048)
(0.00692889778849 0.00854305700428 0.00683808703332)
(0.00220709140516 0.00788593743633 0.0106714956249)
(0.0123769547736 0.00787319771253 0.00632957218707)
(0.00131031296576 0.00730785740132 0.0131904834734)
(0.00959167229652 0.00792373936599 0.00703663194237)
(0.00142297917664 0.00346090653229 0.00681621105328)
(0.00145231137389 0.0058729194628 0.00788875122042)
(0.00656787258111 0.00785582160512 0.00753071808751)
(0.0185619317397 0.00195121589735 0.00965182785164)
(0.0148661059077 0.00408491821722 0.00243304805872)
(0.00873423584167 0.00492892271615 0.0117936586466)
(0.0132083795222 0.00226554360856 0.0109811635358)
(0.012971515147 0.00228220993594 0.00566959906674)
(0.0104941843369 0.00147367968963 0.0116849291737)
(0.0161662752919 0.00855594114218 0.0109720829869)
(0.0119413224289 0.00930637759283 0.00515244387421)
(0.0147450101568 0.000748212275475 0.00305934507408)
(0.0171746611891 0.00688705914607 0.0143200401395)
(0.000814507722025 0.00647696071595 0.00976128305624)
(0.0156620357963 0.0092360350763 0.00289903167248)
(0.0112376599146 0.00289344275588 0.00461940823306)
(0.00824554463962 0.00277014305086 0.00941919560715)
(0.00548829255991 0.00729284722119 0.0143789089763)
(0.00369010720586 0.0044430114822 0.011788380958)
(0.00372244425093 0.0091794184708 0.0065608796206)
(0.000870140835505 0.00293959568563 0.00982990745161)
(0.0160808665554 0.00935035957183 0.0118023368478)
(0.00808046082664 0.00873984897628 0.00938998915957)
(0.0139995465741 0.00585334897251 0.0143973537512)
(0.00920022562297 0.0076785392798 0.00391896227635)
(0.0017678447205 0.00826952936044 0.0132602619089)
(0.00581284191338 0.00883644408811 0.0133305613621)
(0.0182768466089 0.00621957513505 0.0109230949349)
(0.0147188309042 0.00934044981615 0.00722943953859)
(0.00692938334539 0.00144353734397 0.00689510893391)
(0.00896669781626 0.00849665499056 0.00632776906005)
(0.0192383000255 0.00581760164251 0.00284662815258)
(0.00824087080235 0.00204011411135 0.00869445885548)
(0.0019730775694 0.00145831555809 0.0104495511194)
(0.01449417714 0.00874609684073 0.0080226957288)
(0.00420951549106 0.00658498851072 0.00428775973887)
(0.0135189359725 0.00141747333519 0.00751659999845)
(0.000814507722025 0.00667826507441 0.00743942349841)
(0.0150230875963 0.00339489362702 0.00731912500202)
(0.0101465811358 0.00332902099968 0.00485302236601)
(0.0155705535 0.00359956191634 0.00827858522426)
(0.0171584955653 0.00582101871551 0.00076169997448)
(0.013636570906 0.00335274885269 0.000922013376075)
(0.00620600864754 0.00211422075679 0.0084310385356)
(0.0184257714632 0.00306088724047 0.00872407934544)
(0.00142297917664 0.00434841077007 0.00682941177904)
(0.00916847194193 0.00930637759283 0.00570477642404)
(0.00648613991667 0.00615908362769 0.0134236605657)
(0.0178655863851 0.00209119027557 0.00864766370594)
(0.0119962147107 0.00209150839787 0.0101534028722)
(0.00574920236375 0.00670261522141 0.0111394305832)
(0.0119627324489 0.00883273140001 0.00947893897585)
(0.00319415359032 0.00819782858701 0.0136652944978)
(0.00583860442633 0.0086655442074 0.00732343927546)
(0.00326264066043 0.00845801232285 0.0071430980601)
(0.00541738965238 0.00130781815476 0.00705037415949)
(0.0110079903206 0.00802397921748 0.0130244781839)
(0.00718196367302 0.00298818810365 0.0134667534433)
(0.0140659006212 0.00152189285843 0.0106394984909)
(0.00919105116616 0.00861736177316 0.00781751285985)
(0.00186955253247 0.00678257469944 0.0136480152281)
(0.00723310237199 0.00488385066483 0.00351024551882)
(0.00144772665667 0.00830481608598 0.00749279514441)
(0.00969301088889 0.000730028939505 0.0119364321357)
(0.0103133493125 0.00945873412263 0.0139179690609)
(0.00968836265672 0.00891853027732 0.0144592349383)
(0.0180420042171 0.0014396327347 0.010317898152)
(0.0043212917987 0.00164172206903 0.0115788691695)
(0.0134368809225 0.00139573080725 0.00523383083166)
(0.0104343795304 0.00283250348864 0.0144255616872)
(0.00351715111258 0.000870869644475 0.01130608441)
(0.0191315862282 0.00605232160558 0.0117552711337)
(0.0138981885492 0.00419654429747 0.00152515936283)
(0.00686652878416 0.00602943020729 0.00414189028695)
(0.00541385744961 0.00937770996547 0.0122056903743)
(0.00434735108616 0.00656079192941 0.00674370213106)
(0.0103829521426 0.00799232947029 0.0110399444438)
(0.00698523044974 0.0021753639521 0.0110842267767)
(0.00185011543786 0.00872706111517 0.0123532914731)
(0.0153046747011 0.0016221416245 0.00943150218263)
(0.0143476649379 0.00141747333519 0.00798217739692)
(0.0114553212679 0.00222512495048 0.00493521082592)
(0.0118191776458 0.00134785764775 0.00932193825872)
(0.00271153698925 0.00872706111517 0.0132077627431)
(0.016342667218 0.000727420291835 0.00597909214551)
(0.0128333800323 0.00902827526255 0.00375900877566)
(0.0163812693245 0.00917936914485 0.00672721437495)
(0.00424909855203 0.00333854212851 0.00432815812854)
(0.0132875918186 0.00653035735788 0.0127447343203)
(0.0180781499016 0.0047104790478 0.01379165526)
(0.012209109909 0.00163469140417 0.00516490403493)
(0.00415149606401 0.00493848412959 0.00556838091909)
(0.010148994928 0.00840050501532 0.00421546714084)
(0.0160439513955 0.0077558540373 0.00477513179144)
(0.0112993476693 0.00853274789638 0.00647065653361)
(0.0185723412996 0.00535083165514 0.0132643450698)
(0.0191221168177 0.00292091286224 0.00972824349114)
(0.00541187640059 0.00931276460084 0.00801941153204)
(0.014908527134 0.00233982027395 0.00442484638041)
(0.0115237122345 0.00922637030355 0.00725160244603)
(0.0114749760137 0.00422499322444 0.0136332936635)
(0.00790328839267 0.0019534422754 0.00456997787473)
(0.00192700793553 0.00132062530916 0.00546157937186)
(0.00650183818548 0.00136300872909 0.00360187213855)
(0.00843827192292 0.00327613255977 0.000702096128005)
(0.0180259462139 0.00793030232444 0.00409319689878)
(0.0098050709025 0.00284254419831 0.00709850882971)
(0.00191744445592 0.00870134456643 0.00999298187674)
(0.0123543470213 0.00413687259777 0.0142077319763)
(0.0187876461883 0.00813906194356 0.00490194003368)
(0.0150630910044 0.00237407967952 0.0104679887796)
(0.00758093155976 0.00575615105677 0.000735632675112)
(0.00423927691357 0.00437367589771 0.0137650987855)
(0.00808752607165 0.00265347631598 0.0141009391196)
(0.00400797092683 0.00212371631154 0.00447350981353)
(0.00917076731248 0.00136563152331 0.00783963453812)
(0.00128056569022 0.00813911126951 0.00476709285224)
(0.0101816483565 0.00330158253397 0.0103874752324)
(0.00337060694138 0.00846318672195 0.0105570744361)
(0.00196408221878 0.00199714017471 0.00393937423778)
(0.00201086091846 0.00886002139056 0.00816916370523)
(0.00221967887077 0.00790280701827 0.00668382801677)
(0.01555565137 0.008519818961 0.0055983683075)
(0.00622040263717 0.00065580866499 0.00663115972552)
(0.0165652710553 0.000944089466702 0.0034084589966)
(0.0061996296337 0.00935277960656 0.00663080822127)
(0.00728568276571 0.00850304199856 0.00832317955928)
(0.00150794448737 0.00421464502089 0.00965883774271)
(0.00813659113004 0.00125238543238 0.00951580341046)
(0.0180213313624 0.00387152184781 0.0131638776717)
(0.0179861258274 0.00211788544106 0.0111984170295)
(0.0157341435496 0.00356902829032 0.00597127301623)
(0.0176376395782 0.00412168237776 0.0114115463283)
(0.0110993129622 0.00200696362719 0.00403861703086)
(0.00935447589006 0.00195606506963 0.00708156333866)
(0.0111181511992 0.00742878027787 0.00403385976374)
(0.0124264674193 0.00690147297509 0.00571579861042)
(0.0102291435428 0.00387311839705 0.0112909092104)
(0.0111566946837 0.00877042218626 0.0107353406983)
(0.0101816620127 0.00205158253396 0.0107483227603)
(0.0109467960405 0.001476912675 0.00617486753845)
(0.00078517552477 0.00421112935795 0.00606034898272)
(0.00537413629919 0.00495295605063 0.000916889206687)
(0.0169457042547 0.00841540422115 0.00424913141847)
(0.00698273747995 0.00150088136406 0.0118451025149)
(0.0091183853637 0.0029389947492 0.00141843107475)
(0.00732152202968 0.00146221126702 0.00854021292458)
(0.0120639824793 0.00111437252656 0.0131272057797)
(0.00925582728448 0.00576337664478 0.0136479679377)
(0.00469634062456 0.00892950159447 0.0144899690795)
(0.0190928437931 0.00442579913814 0.00374933351107)
(0.00139258368313 0.00814981182955 0.0118003734288)
(0.00814126496731 0.00198241437188 0.0102405401621)
(0.0105361011305 0.00611257079714 0.00415734973316)
(0.00396838786586 0.00787016269375 0.00443311142387)
(0.0136266826605 0.00797246714428 0.00789082140785)
(0.00483601035464 0.00599702389432 0.00549700089639)
(0.00434477886456 0.00777595132279 0.010004489471)
(0.0181569007201 0.00862416384027 0.0055782177491)
(0.0112590441006 0.00147691267501 0.0056110218273)
(0.00191378462486 0.00862421316622 0.00544228693593)
(0.0193082886088 0.00724657820059 0.00738740600817)
(0.00856607668591 0.00919027739772 0.00710864997753)
(0.00572761414755 0.00065580866499 0.00396201690222)
(0.00137764198382 0.00828277210494 0.00933134260511)
(0.0139521768574 0.00672246714428 0.00753358180372)
(0.0159855856995 0.00431917027971 0.00151103468265)
(0.0106954780597 0.00856524509485 0.0119420021392)
(0.00794202459209 0.00124624221131 0.00546569529169)
(0.00686008881985 0.00376162506533 0.0041087052441)
(0.00854578923935 0.000787728678977 0.00716532037387)
(0.0190928437931 0.00345741515325 0.00365828387646)
(0.0163467610932 0.00346534704393 0.000907888695887)
(0.00764670797309 0.00919027739772 0.00763054850509)
(0.000623242001113 0.00310035439692 0.0124251209584)
(0.00923015806391 0.00864899165947 0.0106132723982)
(0.0126744756845 0.000748212275475 0.00472913579985)
(0.0132263336433 0.0085668201197 0.00711045310455)
(0.0191221168177 0.0036439590273 0.0102991560817)
(0.0185850753026 0.00820975982324 0.00955315763869)
(0.016819312569 0.00157960711292 0.00855898708893)
(0.0189465627797 0.00543651347088 0.00049419139799)
(0.00879960449262 0.00837216168697 0.00311490670329)
(0.00480342989381 0.00344736172229 0.00893973992975)
(0.00570684114409 0.00935277960656 0.00396166539797)
(0.0186729091772 0.00176538892182 0.00704516010233)
(0.00487000666877 0.00391487432378 0.00553005015449)
(0.0109756729946 0.0053155044415 0.000672349972915)
(0.00194527216128 0.00803228119048 0.00386135621392)
(0.0106955703857 0.00694781965504 0.0135657440613)
(0.0193082886089 0.00559304303472 0.0053525657184)
(0.00157496515383 0.00292973548628 0.0139417527071)
(0.0191315862282 0.00506825107649 0.0122373360533)
(0.00872949781693 0.00137816222529 0.00640724917441)
(0.00627844501263 0.00660582160512 0.00728678393778)
(0.00900740989643 0.00196595141581 0.00395222042109)
(0.00650827814979 0.00863081387105 0.0036350571814)
(0.00583694279212 0.00334554683374 0.00707038921815)
(0.01806514778 0.00862833228474 0.0101899160394)
(0.0111144146099 0.00132155359446 0.0105651861457)
(0.0146200578833 0.000769954803413 0.00906141175689)
(0.00247581851962 0.00295498239039 0.0143992844618)
(0.00591658107906 0.00336422075679 0.00818710438587)
(0.0185155227605 0.00420817574198 0.0121368686552)
(0.00147602321215 0.00557424678176 0.0120202906734)
(0.00366877725139 0.00152287913425 0.00948692541541)
(0.0185060533499 0.00335251476877 0.0111032593196)
(0.0126889824793 0.00165563840392 0.0136684716571)
(0.00718410488547 0.00136300872909 0.00426293738309)
(0.0163473011814 0.00917936914485 0.00572192433606)
(0.0160652396968 0.00228237758246 0.0113344705095)
(0.0104305432479 0.00613852423982 0.0129913057485)
(0.0170766587609 0.00917936914485 0.00506588637676)
(0.0194793575795 0.00105561799549 0.0046760846785)
(0.0011174333991 0.00341088391685 0.0134133678275)
(0.0155820317434 0.00137493882361 0.00694275982303)
(0.00985202094506 0.00922190728403 0.0120578992666)
(0.0168331696869 0.00153043952744 0.01105273083)
(0.0121856409602 0.00108052619653 0.0004278126691)
(0.0158353698528 0.00529534049029 0.0107108893024)
(0.00629554378857 0.00869047456631 0.0107111483528)
(0.0128615636358 0.00863201732812 0.00856218986648)
(0.000508613476118 0.00105561799549 0.00466923550778)
(0.00974837379762 0.00909412742248 0.00341141156777)
(0.0189465636734 0.00460386552519 0.0144716151205)
(0.0194407550714 0.00524421813253 0.0139443049302)
(0.000633218934643 0.00103796862999 0.00716148748544)
(0.0193692545317 0.00103796862998 0.00716257111717)
(0.00889586776655 0.00657373409205 0.0142224062505)
(0.00308095999214 0.00927859385205 0.00987856068796)
(0.00203526277885 0.00585680299745 0.0130472996899)
(0.0104107322819 0.00173119672251 0.00114414761585)
(0.000852781211035 0.00718813987043 0.0121800336743)
(0.014652453571 0.00375503825576 0.0106059646064)
(0.0156211407657 0.00123471671385 0.0138206558447)
(0.00348613272538 0.00486310739643 0.00667126254379)
(0.000852781211035 0.00638030095286 0.0116105564125)
(0.000870140835505 0.00366264185069 0.0104008200422)
(0.00532380040477 0.00945873412263 0.0139516523858)
(0.0103161479592 0.00106287891711 0.0004278126691)
(0.00985127730282 0.0070642779989 0.0142224062505)
(0.00792813040693 0.00313723279467 0.00455994720585)
(0.00313659310562 0.000870869644475 0.0103129270007)
(0.00807515902446 0.00321776140956 0.0057031722881)
(0.00719345744853 0.000541265877365 0.0139209182446)
(0.0158663746664 0.0048755755478 0.000603145986757)
(0.00787535486937 0.00097740651425 0.0144592349382)
(0.0191452603807 0.00640394843425 0.00998820622582)
(0.0142316417448 0.00139573080725 0.00469411819125)
(0.00782714363426 0.000730028939505 0.0119385231294)
(0.00149338283662 0.00380964142907 0.0112319853303)
(0.0160029745232 0.00143019076137 0.0120589451877)
(0.0112048397455 0.00587231835477 0.013768899498)
(0.015359958276 0.00897595546379 0.00051356003243)
(0.0132636502897 0.00149558880514 0.0119361625349)
(0.000814507722025 0.00734580290779 0.00805057527382)
(0.0135198595138 0.0036465021848 0.0110674037891)
(0.0194407541777 0.00481641439112 0.00105373018769)
(0.00328186547434 0.00580411061781 0.0135746098801)
(0.0181127240991 0.00123900345449 0.00772982584506)
(0.00771996301986 0.00203397089028 0.00614535832404)
(0.01275669997 0.000769954803412 0.0091760129174)
(0.00719054484978 0.00863081387105 0.00429612242594)
(0.00145546874266 0.0029993078464 0.00426803291233)
(0.00280970088827 0.00721501413041 0.0141753254183)
(0.00720206808143 0.00935277960656 0.00515830329579)
(0.00105569506978 0.00470893371287 0.000559538789702)
(0.00813482920999 0.00702760361997 0.0136013152268)
(0.00494770063574 0.00231620465707 0.0107897076581)
(0.00762642052653 0.000787728678978 0.00768721890143)
(0.0138901019389 0.00934044981615 0.00676386214011)
(0.0115391867374 0.00141653008087 0.00309829853152)
(0.00716111564685 0.00931276460084 0.0092011945106)
(0.00465704563454 0.0010240445362 0.0144899690795)
(0.00891853329351 0.00922190728403 0.0115158309092)
(0.0133759776717 0.00809934440722 0.0112866867478)
(0.0187441086275 0.00698255245448 0.0017134231272)
(0.0136700255793 0.00355395246388 0.00717446475867)
(0.00654287721149 0.00334636546494 0.0143658143238)
(0.014715877098 0.000647518531778 0.00731137320578)
(0.0110269827886 0.00330716306968 0.000716334946747)
(0.00052731019026 0.00537227809403 0.00105373018769)
(0.000814507722025 0.00732375892675 0.00921968236537)
(0.00467574409539 0.00219736172229 0.00969092131332)
(0.00462193627403 0.00210205799659 0.00633761330001)
(0.00279380770662 0.0091845928699 0.0123007923073)
(0.0194793575795 0.00895969279871 0.00465151885797)
(0.0141211713887 0.000751938055015 0.01159449749)
(0.00846608805878 0.00805941340419 0.0130605501651)
(0.0188486121113 0.000526385467335 0.00531439125547)
(0.0168890480766 0.000852186821087 0.0101722119526)
(0.00376469238981 0.0014462493316 0.00658089220066)
(0.0124063650345 0.00826281161428 0.0143433378108)
(0.000508613476118 0.00895969279871 0.00464466968726)
(0.0149590527389 0.000751938055015 0.0132813955255)
(0.0137912581339 0.000769954803412 0.00966581248593)
(0.00114183241076 0.000526385467335 0.00530645845302)
(0.0103541025575 0.00909412742248 0.00267356605898)
(0.0152089556448 0.00685950596253 0.000603145986758)
(0.00063780365187 0.00488476219822 0.00919603241904)
(0.00384159820555 0.00065200948977 0.00891868181399)
(0.00516912228821 0.00434518565524 0.0143658143238)
(0.0182865768728 0.0074229961333 0.00121923172921)
(0.00722284108489 0.00065580866499 0.00515865480005)
(0.0193036546454 0.0032095325587 0.0080620680634)
(0.00907249893378 0.00326164914603 0.0135265008068)
(0.00359877182903 0.00665818154638 0.0141753254183)
(0.0167709045134 0.000678252706357 0.0117772055082)
(0.00475098879275 0.00179489696075 0.0138557834032)
(0.0135660091175 0.00309817276326 0.0135576203491)
(0.00302612158408 0.00146790764655 0.00406146677367)
(0.0149987891215 0.00177598259122 0.0143498883728)
(0.0188486121112 0.00944479469542 0.0053277965734)
(0.00815758706304 0.0085996172495 0.0119772159303)
(0.0163627017832 0.000852186821088 0.00941746503514)
(0.0160097556703 0.00663680691619 0.00136484596124)
(0.0188090694537 0.00051158316265 0.00784723685991)
(0.0191452603807 0.00725074664505 0.00944660553495)
(0.0185465886344 0.0069279188375 0.00419549635794)
(0.0183232365161 0.00832097156684 0.00167676348394)
(0.00114183241076 0.00944479469542 0.00531986377095)
(0.0117818064271 0.00880207193345 0.0138020719334)
(0.00078517552477 0.00285202550901 0.00515301510116)
(0.00453495944319 0.00859135845289 0.00910887720538)
(0.00674962335011 0.0035029117373 0.0112123126008)
(0.00300731152657 0.00851738308719 0.00402141988826)
(0.00457799270733 0.00853219807735 0.00534977695466)
(0.00119635319644 0.00051158316265 0.00785126136418)
(0.00532380040477 0.000541265877365 0.0139516523858)
(0.0108084490881 0.000590433546315 0.00559407633625)
(0.0152115490502 0.00796158816676 0.0105321269743)
(0.0135762238552 0.00203685468251 0.01301836003)
(0.000633218934643 0.00902622223393 0.00720420470305)
(0.0193692545317 0.00902622223393 0.00720528833478)
(0.0114698668834 0.00668161376999 0.0143433378108)
(0.00389352758387 0.00337081889531 0.0137650987856)
(0.0129002583659 0.00940564702458 0.00929846491647)
(0.0124612146186 0.00922637030355 0.00778182156318)
(0.00331130160396 0.00065200948977 0.00787092410288)
(0.0090711516006 0.00130793178384 0.0104572565492)
(0.0194398149219 0.00109902907626 0.00965553505799)
(0.00542759034834 0.00364375244227 0.0109593302354)
(0.00922506763723 0.00636232979908 0.00390893160747)
(0.00351546492263 0.00584746140666 0.00742973206632)
(0.0169532265468 0.00875325641746 0.00173279176164)
(0.0174223831503 0.00829572466273 0.00121923172921)
(0.0141912151041 0.00875600659641 0.0108094158683)
(0.00721724235737 0.000674482588045 0.00936155747955)
(0.00063780365187 0.00362156135067 0.00832424990963)
(0.0148659469362 0.00429856634671 0.0143498883728)
(0.00785298721347 0.00103319620239 0.000541265877365)
(0.0187807682708 0.00829340142486 0.00257894070129)
(0.000563134261797 0.00109902907626 0.00966064319399)
(0.00882370131885 0.0013755178695 0.00312535513001)
(0.00349979148811 0.0091845928699 0.0116334530742)
(0.0078142506167 0.00174039626649 0.00124336200537)
(0.00374152182657 0.00917941847079 0.00559340735957)
(0.0128038070483 0.000539260319165 0.000993472597633)
(0.00798990416533 0.00883750612015 0.0138381439146)
(0.00541774356298 0.00131211830192 0.0133174667096)
(0.0155706892947 0.00459386178857 0.0136699285124)
(0.0146914777299 0.00945873412264 0.00107921996096)
(0.00387113243988 0.00391232821805 0.00850870319302)
(0.0114269369342 0.000743650750127 0.0115017925591)
(0.0154022519594 0.00434169697496 0.0114202640643)
(0.0188090694536 0.00958142753851 0.00787654875959)
(0.0182601258503 0.00875093317959 0.0030503074778)
(0.00485909284687 0.00065200948977 0.00878975192211)
(0.0114692206008 0.00934333781081 0.0116373983936)
(0.00461198902146 0.00145004850682 0.00538282621277)
(0.0143367010947 0.00129320393238 0.0138106280537)
(0.0126663666302 0.00322243707615 0.0142077319763)
(0.00119635319644 0.00958142753851 0.00788057326386)
(0.0130309236419 0.00880407749165 0.0138040774916)
(0.0040224786547 0.00065200948977 0.00720548443454)
(0.00143665868516 0.00702989770354 0.0039705048438)
(0.0032294754769 0.00653367269936 0.000664706471062)
(0.00297582399015 0.0091794184708 0.00493408471824)
(0.00538623216301 0.00132649207781 0.0092108463375)
(0.0189198873993 0.000587445913612 0.0103216053584)
(0.0121994597187 0.00037072177643 0.0139194738034)
(0.00110293673389 0.000587445913612 0.0103515943653)
(0.0123752685029 0.000748212275475 0.00294762351331)
(0.00999995739445 0.00942708437544 0.00815512940879)
(0.00078517552477 0.00332362512017 0.00604714825697)
(0.00978573228187 0.00118993084514 0.00168541349321)
(0.000670293217895 0.00318699349127 0.0034224507832)
(0.010937377545 0.000577902844332 0.00973372153226)
(0.0140876569189 0.000748212275475 0.00372294554837)
(0.0169121916396 0.00920558157035 0.0100664327699)
(0.00321393398307 0.00343442323134 0.000672055602625)
(0.0124063650345 0.00934333781081 0.0132628116143)
(0.00969114795924 0.000521613039742 0.000969078546465)
(0.00906647776333 0.000577902844332 0.00973251979757)
(0.00466811087758 0.000587445913612 0.00099699518513)
(0.0193082886089 0.00657904036721 0.00677625423276)
(0.00463882629614 0.00335205799659 0.00663018892673)
(0.0120644238719 0.00253184077183 0.0142077319763)
(0.00898799006856 0.00498751022298 0.0144255616872)
(0.0132876900432 0.00869369738264 0.0121192337479)
(0.0154071516093 0.00629351324104 0.01136195026)
(0.0103110823528 0.00961762581107 0.000969078546465)
(0.0194398149219 0.00900417825289 0.00966264402774)
(0.000771952214097 0.00713672778257 0.00487624148212)
(0.0148009116168 0.006842546743 0.0106701028012)
(0.0132882439998 0.00711013846247 0.0137406915621)
(0.0163766353611 0.000727420291835 0.0069843821844)
(0.00298904730083 0.000794239841827 0.00496678247208)
(0.00736405485282 0.00829624024279 0.0143789089763)
(0.00535925536923 0.00109902907626 0.000504592933352)
(0.00903225191069 0.00314974193509 0.00394218975221)
(0.0141029274757 0.00935035957183 0.0116419628684)
(0.00375474513724 0.000794239841828 0.00562610511342)
(0.00975035486937 0.000436140636885 0.0139179690609)
(0.0063491775293 0.00937770996547 0.01163238706)
(0.0138871481327 0.000647518531778 0.00684579580731)
(0.0193082886089 0.00713667845662 0.00500423949285)
(0.0050187590992 0.00077085242455 0.0121925957217)
(0.000623242001113 0.00484370476945 0.013343589392)
(0.00881091333227 0.00189713090924 0.00195969695212)
(0.0128244597187 0.000911987653795 0.0144607396808)
(0.000563134261798 0.00900417825289 0.00966775216375)
(0.00496988862317 0.00065200948977 0.00774599491181)
(0.0103869066682 0.000806862413315 0.0144587341226)
(0.00718350850007 0.00051158316265 0.00104585881072)
(0.0189198873993 0.00942275071438 0.0102994024285)
(0.00305382270813 0.00927859385205 0.00801748656532)
(0.00165620985215 0.00252741149948 0.00112958735736)
(0.0109373739522 0.00942708437544 0.00976827025033)
(0.00906647417046 0.00942708437544 0.00976706851564)
(0.000623242001112 0.00387745196989 0.0118556436966)
(0.00878175089963 0.00783089580961 0.00194924852539)
(0.0071447719033 0.00121878322675 0.00174795493872)
(0.00999996098732 0.000577902844333 0.00812058069072)
(0.00469031380751 0.00942275071438 0.00099699518513)
(0.00110293673389 0.00942275071438 0.0103293914354)
(0.0155636018626 0.00882112704367 0.0138681212231)
(0.0162550772979 0.00191296942021 0.0131928782563)
(0.000771952214097 0.0065357193844 0.00554430278199)
(0.0193036546454 0.00325680557017 0.00639961632329)
(0.0011174333991 0.00420335216212 0.0138708995823)
(0.00118248156781 0.00542221012755 0.0138719742715)
(0.0193839365322 0.00343900813298 0.0118285816464)
(0.00358411930971 0.00927859385205 0.00906524427642)
(0.007825482224 0.00831982614274 0.00127689855248)
(0.0140036771447 0.00488800645238 0.000603145986757)
(0.00304377582365 0.0034979419043 0.0143992844618)
(0.00537054254509 0.00900580847 0.000504592933352)
(0.00119867809742 0.00305180523145 0.00168912614706)
(0.01547137666 0.00861122859493 0.00944817499899)
(0.0136874576633 0.00698030298346 0.0113729270011)
(0.0096875 0.00907635993371 0.000541265877365)
(0.0149408088258 0.0082818667245 0.0143973537512)
(0.0169949682025 0.00393218195251 0.0136922625512)
(0.00678053671844 0.00319393580761 0.000702096128005)
(0.00875952323734 0.000730028939505 0.0113943637783)
(0.00530108062428 0.00931276460084 0.00906316854233)
(0.0100946219605 0.00277306056247 0.000716334946747)
(0.0156386601857 0.00666371048722 0.0137173938908)
(0.00716106911701 0.00886109202011 0.00178149148583)
(0.00345457332207 0.00512000901656 0.0143992844618)
(0.0163858453461 0.00920558157035 0.00931168585244)
(0.007837005853 0.00904179187825 0.000541265877365)
(0.00117890669401 0.00166043208761 0.00299178507368)
(0.0150560965984 0.000751938055015 0.0121474624569)
(0.0140097613117 0.00675277057259 0.0143973537512)
(0.00736999895714 0.00937770996547 0.0132998272209)
(0.0030228489572 0.00171864547306 0.0011644578544)
(0.0163855166829 0.00633056082174 0.0143200401395)
(0.00248895162838 0.00113119955945 0.00161880739475)
(0.0123640078025 0.000743650750128 0.0120450082847)
(0.00164954841605 0.007020785469 0.00115889786905)
(0.00754122149855 0.00274585188246 0.000702096128005)
(0.0193036546454 0.00276622106113 0.00730098668116)
(0.00640523466784 0.00679026996513 0.0143789089763)
(0.0167107272877 0.0092360350763 0.00326227027519)
(0.00378616712914 0.00383569841541 0.00731586735773)
(0.017385723507 0.00739774922918 0.00076169997448)
(0.0016766729658 0.00478185752022 0.0143992844618)
(0.00717259274601 0.00958305775562 0.00104585881072)
(0.0173334374921 0.0092360350763 0.00266169029288)
(0.00613713118307 0.00931276460084 0.00970012115484)
(0.0110253616409 0.00930637759283 0.00557126661823)
(0.00163325623436 0.00113119955945 0.00250598625823)
(0.0195424682453 0.00252198899616 0.00101707054443)
(0.0192383000255 0.00739542599132 0.00261560034455)
(0.00969282509651 0.00340782257443 0.0144255616872)
(0.00878515574065 0.00676975304486 0.00140798264803)
(0.012980144554 0.000748212275475 0.00369697135093)
(0.0146603673588 0.000647518531777 0.00535704130571)
(0.00248336488155 0.00888043286167 0.00161145826319)
(0.017066450283 0.000727420291835 0.00764114922805)
(0.0103557745286 0.00729428498829 0.000672349972915)
(0.0170371715337 0.00901323571711 0.0144707674719)
(0.00303946514029 0.00830318357605 0.00115710872284)
(0.0170517867417 0.0047711391525 0.0143200401395)
(0.00674414964463 0.00883644408811 0.0138405922826)
(0.0162013020878 0.00378614457398 0.013042150924)
(0.00112223822579 0.00752492567339 0.00161642962378)
(0.0195424682453 0.00749826453142 0.014015158055)
(0.00045753175473 0.00749826453142 0.014015158055)
(0.0099833921692 0.00125875135172 0.00428226183269)
(0.0188640090096 0.0017232303747 0.0119945924811)
(0.0193082886088 0.00653567005845 0.00567230079271)
(0.0184064772549 0.00113578446109 0.0125253075955)
(0.0135998222161 0.00815443706348 0.0132014312429)
(0.0168168880218 0.00685577571871 0.00076169997448)
(0.0192383000255 0.0068505742591 0.00318926658023)
(0.0175197881347 0.00954246824527 0.0140132357171)
(0.0149408088258 0.00935035957183 0.0133288609039)
(0.0143180157889 0.00881109925266 0.0138580934321)
(0.00063780365187 0.00509515775006 0.00755944229066)
(0.018983222423 0.00304692157939 0.000559538789703)
(0.00788114206661 0.000707200064098 0.00347011086006)
(0.00296637237929 0.00901323571711 0.0144899690795)
(0.000985916634255 0.00247874369476 0.00045753175473)
(0.0163497820655 0.00363899110507 0.0117884437177)
(0.0170854030559 0.0011610313652 0.0133854581288)
(0.0194793575795 0.00098676428289 0.00295157864177)
(0.00101677132143 0.00697298182955 0.0144726898098)
(0.0189832233166 0.0069730061925 0.0144726898098)
(0.00314772317472 0.000673667804722 0.00314874810661)
(0.0124068454256 0.00721851301327 0.0143433378108)
(0.00725006168989 0.00735363008381 0.000735632675112)
(0.0170506315313 0.00098676428289 0.00051356003243)
(0.0188897451342 0.00297244007993 0.0133863057774)
(0.00111905601141 0.00839533096496 0.00247876498349)
(0.0138685603428 0.00934044981615 0.00581482027893)
(0.0145365719921 0.00628195905175 0.000603145986758)
(0.00248375577822 0.00954246824527 0.0140324373247)
(0.000528384879525 0.00300313742673 0.00101707054443)
(0.00158217451297 0.00158873131418 0.0015839368977)
(0.00162766948753 0.00885286271969 0.00294328258928)
(0.0100416514011 0.00569864612979 0.000672349972915)
(0.00314213642789 0.00933796461639 0.00314139897505)
(0.014663321165 0.00934044981615 0.00527510763852)
(0.017568019657 0.00161856311993 0.0139146906569)
(0.00785396067792 0.00670942956344 0.000735632675112)
(0.0190218258248 0.00045753175473 0.0024689620407)
(0.0109855333184 0.00490518291186 0.0144255616872)
(0.0175332481323 0.00045753175473 0.00097109178716)
(0.000508613476118 0.00098676428289 0.00294472947106)
(0.0061932578936 0.000674482588045 0.0098604841238)
(0.00790835503438 0.00927803426449 0.00350364740717)
(0.0138656065366 0.000647518531777 0.00589675394613)
(0.0161688624938 0.00291230971021 0.0137221107845)
(0.00049419139799 0.00291918737357 0.0140140833657)
(0.019505808602 0.00291918737357 0.0140140833657)
(0.00098484194499 0.0070578208526 0.00049419139799)
(0.0184322133795 0.00249129164936 0.0139146906569)
(0.00979968359162 0.0006683178054 0.00345539654161)
(0.00157658776614 0.00842290110693 0.00157658776614)
(0.00734614531655 0.00726443045857 0.0143789089763)
(0.000962963016465 0.00045753175473 0.0024589306556)
(0.000539802472095 0.00104497766834 0.0120222509404)
(0.0101057180153 0.00930637759283 0.00513910041867)
(0.0150378526853 0.00935035957183 0.0121949278353)
(0.019505808602 0.00712151737818 0.00095172315272)
(0.00895155938916 0.000590433546315 0.00572758614205)
(0.00973417936965 0.00661551641246 0.000672349972915)
(0.000623242001113 0.00482833409716 0.0123165803755)
(0.0194800724774 0.00104497766834 0.0119973700695)
(0.000539802472095 0.00896521895965 0.0120000480104)
(0.01125 0.00945873412263 0.0144587341226)
(0.000997334226825 0.00045753175473 0.0125529660548)
(0.00875086265672 0.00945979615468 0.0144592349383)
(0.0190225407227 0.00045753175473 0.0125280851839)
(0.000997334226825 0.00954246824527 0.0125529660548)
(0.0190225407227 0.00954246824527 0.0125280851839)
(0.00999995111047 0.000577902844333 0.00919212139519)
(0.0162993018788 0.0053591336399 0.0143200401395)
(0.000664706471062 0.0069525037992 0.00309227307681)
(0.00095172315272 0.002438038943 0.0145424682453)
(0.0190482768473 0.002438038943 0.0145424682453)
(0.0190482768473 0.007561961057 0.00045753175473)
(0.00045753175473 0.007561961057 0.00095172315272)
(0.0194800724774 0.00896521895965 0.0119751671395)
(0.0099999475176 0.00942708437544 0.00922667011326)
(0.0029775557393 0.00104497766834 0.000492402251778)
(0.012406291469 0.00934333781082 0.0121806141192)
(0.00063780365187 0.00465096500983 0.00830732294714)
(0.00629179880443 0.00065580866499 0.00557436862401)
(0.00627102580097 0.00935277960656 0.00557401711975)
(0.00548501959272 0.00340081587136 0.0143658143238)
(0.00483278558275 0.0027953882294 0.0143658143237)
(0.00299975866923 0.00896521895965 0.000492402251777)
(0.0170764665237 0.00048277865884 0.0140132357171)
(0.0104054123515 0.0006683178054 0.00271755103281)
(0.0184688730228 0.00159331621582 0.0134571589022)
(0.0152224259616 0.00277532288122 0.0143498883729)
(0.00244365841049 0.00045753175473 0.000946751792125)
(0.0073740113056 0.00937770996547 0.0122164929861)
(0.00264445672131 0.00265732565836 0.000672055602625)
(0.00244365841049 0.00954246824527 0.000946751792125)
(0.0170899265213 0.00951722134116 0.00097109178716)
(0.00719887536662 0.000707200064098 0.00280904561552)
(0.0162447032884 0.00947076747184 0.0144707674719)
(0.00292707738927 0.00048277865884 0.0140324373247)
(0.000454349540347 0.00905736634856 0.00243905851242)
(0.00254003334977 0.000673667804722 0.00254085675527)
(0.000670293217895 0.00264235757431 0.00262927450286)
(0.0139348165299 0.00940564702457 0.009788264485)
(0.0169625286085 0.00305834708874 0.0143722224116)
(0.00244091687525 0.00094031041357 0.0145424682453)
(0.0175590831248 0.00905968958643 0.00045753175473)
(0.0175590831248 0.00094031041357 0.0145424682453)
(0.0190218258248 0.00951489810329 0.00291360750332)
(0.0195424682453 0.00905736634856 0.00244224072681)
(0.00265999821513 0.00734151161692 0.000664706471062)
(0.0174663288991 0.000678252706357 0.0124536068221)
(0.000962963016465 0.00951489810329 0.00290357611822)
(0.0193692545317 0.000526385467335 0.00626049272423)
(0.000633218934642 0.000526385467335 0.0062594090925)
(0.00722608833439 0.00927803426449 0.00284258216263)
(0.00270216202456 0.00453234878886 0.0143992844618)
(0.000528384879525 0.003795605672 0.000559538789702)
(0.000539802472095 0.000587445913612 0.0112297826951)
(0.0147636162793 0.00940564702457 0.00918386375596)
(0.00625510813601 0.00945873412263 0.0144616833063)
(0.00049419139799 0.00371165561884 0.0144716151205)
(0.019505808602 0.00371165561884 0.0144716151205)
(0.000559239566703 0.00618051358428 0.0144726898098)
(0.0194407550714 0.00618053794723 0.0144726898098)
(0.0145501231971 0.00335386230314 0.0143498883728)
(0.00547883856707 0.00065580866499 0.00503879597073)
(0.0194407541777 0.00383938982466 0.000559538789702)
(0.0137491172147 0.00946073968083 0.0144607396808)
(0.00994339960483 0.0043955223751 0.0144255616872)
(0.00375884062456 0.00947076747184 0.0144899690795)
(0.0193692545318 0.00944479469542 0.00627389804215)
(0.00052731019026 0.00626535260734 0.00049419139799)
(0.000633218934642 0.00944479469542 0.00627281441042)
(0.00253444660294 0.00933796461639 0.00253350762371)
(0.016258163286 0.00052923252816 0.00051356003243)
(0.00988880546251 0.000590433546315 0.00516191013669)
(0.000539802472095 0.00942275071438 0.0112075797652)
(0.00377002398457 0.000587445913612 0.000492402251777)
(0.0194800724774 0.000587445913612 0.0112049018242)
(0.000664706471062 0.00749735553142 0.00251860684113)
(0.00545806556361 0.00935277960656 0.00503844446647)
(0.0190849364906 0.00908493649054 0.00091506350946)
(0.0190849364906 0.00908493649054 0.0140849364906)
(0.00091506350946 0.00091506350946 0.0140849364906)
(0.00091506350946 0.00908493649054 0.0140849364905)
(0.0190849364906 0.00091506350946 0.00091506350946)
(0.0190849364906 0.00091506350946 0.0140849364905)
(0.000911881295077 0.00908493649054 0.000911881295077)
(0.000911881295078 0.00091506350946 0.000911881295078)
(0.0149441325648 0.00726783664544 0.0143973537512)
(0.0137427246955 0.000539260319165 0.000565659928532)
(0.00379222691449 0.00942275071438 0.000492402251777)
(0.0194800724774 0.00942275071438 0.0111826988943)
(0.0194398149219 0.00051158316265 0.00876878192714)
(0.019505808602 0.00632904913291 0.00049419139799)
(0.000563134261798 0.00051158316265 0.00877389006314)
(0.00625510813601 0.000541265877365 0.0144616833063)
(0.0194793575795 0.00052923252816 0.00374404688704)
(0.0162839982784 0.00048277865884 0.0144707674719)
(0.0137495586074 0.000541265877365 0.0144607396808)
(0.00875506560642 0.000521613039742 0.000541265877365)
(0.0193839365322 0.00266191056 0.0123980589082)
(0.000508613476117 0.00052923252816 0.00373719771633)
(0.0175313600137 0.00251653855347 0.0143722224116)
(0.0112485823528 0.000541265877365 0.0004278126691)
(0.0137431660881 0.00945873412263 0.000565659928532)
(0.00624600850007 0.00051158316265 0.000504592933353)
(0.00371954563454 0.00048277865884 0.0144899690795)
(0.016297458276 0.00951722134116 0.00051356003243)
(0.00875 0.00945873412263 0.000541265877365)
(0.00881285486937 0.000436140636885 0.0144592349382)
(0.0195424682453 0.00954246824527 0.00154006350946)
(0.00045753175473 0.00154006350946 0.0145424682453)
(0.0195424682453 0.00845993649054 0.00045753175473)
(0.00154006350946 0.00045753175473 0.0145424682453)
(0.0184599364905 0.00954246824527 0.0145424682453)
(0.0195424682453 0.00045753175473 0.00154006350946)
(0.00154006350946 0.00954246824527 0.0145424682453)
(0.0184599364905 0.00045753175473 0.00045753175473)
(0.0184599364905 0.00954246824527 0.00045753175473)
(0.0195424682453 0.00154006350946 0.0145424682453)
(0.0184599364905 0.00045753175473 0.0145424682453)
(0.00045753175473 0.00845993649054 0.00045753175473)
(0.000454349540347 0.00954246824527 0.00153688129508)
(0.000454349540347 0.00045753175473 0.00153688129508)
(0.0112624011114 0.00037072177643 0.0144587341226)
(0.00045753175473 0.00154006350946 0.00045753175473)
(0.0195424682453 0.00154006350946 0.00045753175473)
(0.0195424682453 0.00845993649054 0.0145424682453)
(0.00045753175473 0.00845993649054 0.0145424682453)
(0.0194398149219 0.00958142753851 0.00879809382682)
(0.0148523834702 0.00533278564022 0.000603145986757)
(0.0194793575795 0.00951489810329 0.00370607574859)
(0.000563134261797 0.00958142753851 0.00880320196282)
(0.0195424682453 0.00045753175473 0.0134599364906)
(0.00045753175473 0.00045753175473 0.0134599364906)
(0.0195424682453 0.00954246824527 0.0134599364906)
(0.00045753175473 0.00954246824527 0.0134599364906)
(0.00153688129508 0.00045753175473 0.000454349540347)
(0.00153688129508 0.00954246824527 0.000454349540347)
(0.000508613476117 0.00951489810329 0.00369922657787)
(0.00623509274601 0.00958305775562 0.000504592933352)
(0.0112485823528 0.00961762581107 0.0004278126691)
(0.0152272813014 0.00323109498143 0.00182990207196)
(0.0145714961157 0.0028262658339 0.000922013376075)
(0.0184489150261 0.00494368564889 0.00860137320025)
(0.0175710318439 0.00425488564817 0.00896251456344)
(0.00405140416384 0.00614682096726 0.00997731721297)
(0.00488030169064 0.00569577490041 0.010608478361)
(0.00679204721799 0.00554077067754 0.00779836425189)
(0.0064318729995 0.00517804106502 0.00880446502736)
(0.00800081996626 0.00554077067754 0.00823109305059)
(0.00764064574777 0.00517804106502 0.00923719382606)
(0.00679469457727 0.00421615658603 0.000702096128005)
(0.00618339068593 0.00442552678702 0.00161898533469)
(0.0141632789574 0.00386809553651 0.00435078544417)
(0.0146049987684 0.00436988326103 0.00519773483187)
(0.00155712773887 0.0053851645308 0.00537898059144)
(0.00078517552477 0.00470791373169 0.00525726546153)
(0.0193082886088 0.00509625866097 0.0061556492396)
(0.0186119432543 0.00440978924769 0.00634299970754)
(0.0146775763397 0.00106849284732 0.000565659928532)
(0.0153138293741 0.00052923252816 0.00107921996096)
(0.00815148292401 0.00662098198315 0.00457032253069)
(0.00829158602032 0.00653322511639 0.00562334066949)
(0.0081381641414 0.00865915719939 0.00544253406942)
(0.00793639001572 0.00784943459711 0.00606552670543)
(0.00474588229506 0.00132947646971 0.00357298182805)
(0.005520106333 0.00203667653381 0.00321283706437)
(0.0152909510288 0.0054448810704 0.0130672822636)
(0.0149740337159 0.0053398697257 0.0120713250219)
(0.0145862086703 0.00514958562854 0.0137472421241)
(0.0142692913574 0.00504457428384 0.0127512848823)
(0.0059540791789 0.00077085242455 0.0116192924075)
(0.00595657214869 0.00144533501259 0.0108584166692)
(0.0103543568815 0.00871175323356 0.00164142851938)
(0.00973077452863 0.00817048735619 0.00121361585028)
(0.012804248441 0.00945873412263 0.000993472597632)
(0.0121860823528 0.00907635993371 0.0004278126691)
(0.019305810106 0 0.00373853137499)
(0.0162464688589 0 0.0142943566291)
(0.0137494114765 0 0.0142809862411)
(0.00875 0 0.000721687836487)
(0.00067815130149 0 0.00372939914737)
(0.0112481098038 0 0.000570416892133)
(0.00619744919068 0 0.000672790577803)
(0.00375825635834 0 0.0143199587726)
(0.00875113241669 0 0.0142789799177)
(0.00144337567297 0 0.0143899576604)
(0.0193899576604 0 0.00144337567297)
(0.018556624327 0 0.00061004233964)
(0.018556624327 0 0.0143899576604)
(0.00060579938713 0 0.00143913272046)
(0.01125 0 0.0142783121635)
(0.0193899576604 0 0.013556624327)
(0.00061004233964 0 0.013556624327)
(0.00143913272046 0 0.00060579938713)
(0.0150053036399 0 0.00143895994795)
(0.00614684802758 0 0.0113379707783)
(0.0174431898226 0.01 0.0124418458806)
(0.0143551767105 0.01 0.00373457622973)
(0.00465587116496 0.01 0.00274564810242)
(0.0120719921559 0.01 0.00270081351631)
(0.0170170608501 0.01 0.00784474699052)
(0.0124709350647 0.01 0.00507616323171)
(0.0152316476944 0.01 0.00284977559734)
(0.00393398938245 0.01 0.00691794194081)
(0.0165159573083 0.01 0.0115399774621)
(0.0148549682453 0.01 0.0076993875125)
(0.00877380108211 0.01 0.00581260663148)
(0.0100011324167 0.01 0.0135572920812)
(0.00489975458799 0.01 0.0121023751973)
(0.0128784935574 0.01 0.00369994396648)
(0.0160973076209 0.01 0.00696905759899)
(0.00519720267375 0.01 0.00763862257718)
(0.0112499740402 0.01 0.0070934333214)
(0.00630658642441 0.01 0.00706275643351)
(0.00874999629145 0.01 0.00709333221816)
(0.00752417134103 0.01 0.00778919692157)
(0.00564953510492 0.01 0.00350389933578)
(0.0160520167635 0.01 0.00562867088047)
(0.0170244935361 0.01 0.00475395360141)
(0.0100011160688 0.01 0.0121139906881)
(0.00960679902533 0.01 0.00365208212648)
(0.00302193636016 0.01 0.0102866269955)
(0.00501506720635 0.01 0.0136022031811)
(0.00764317102137 0.01 0.00509941653287)
(0.0137499962915 0.01 0.00707861764787)
(0.00752952166876 0.01 0.00921433321526)
(0.00875646586675 0.01 0.0113912328783)
(0.00258803532744 0.01 0.0125006225187)
(0.0104144373718 0.01 0.00266828811475)
(0.0184648161483 0.01 0.00500980461869)
(0.00152244321435 0.01 0.00499922754875)
(0.0124998828402 0.01 0.00922702964763)
(0.0124999772189 0.01 0.00780039214427)
(0.0035293470361 0.01 0.0116108368745)
(0.00395942614996 0.01 0.00562797892611)
(0.0150053036399 0.01 0.00143895994795)
(0.0184120926049 0.01 0.00759354462262)
(0.0112498855649 0.01 0.0113920807771)
(0.00159513759525 0.01 0.00759891062832)
(0.00293849570141 0.01 0.004748882071)
(0.00999997774871 0.01 0.00779793730867)
(0.0170225750119 0.01 0.0102345588786)
(0.0124994114765 0.01 0.0135592984046)
(0.00999810980377 0.01 0.00129210472862)
(0.013878705202 0.01 0.0113261454896)
(0.00614684802758 0.01 0.0113379707783)
(0.0185598498658 0.01 0.0100798029701)
(0.0029857533148 0.01 0.00780519483194)
(0.0112498664923 0.01 0.00994879176406)
(0.00875533345006 0.01 0.00994718945114)
(0.00490648534456 0.01 0.00132932691351)
(0.00147058231186 0.01 0.0101197883126)
(0.00369281545025 0.01 0.00920220511342)
(0.00504947497201 0.01 0.0090302985909)
(0.0163207799539 0.01 0.00922822965533)
(0.0075079432647 0.01 0.0135612243261)
(0.0166299030162 0.01 0.00333409373428)
(0.00744744919068 0.01 0.00139447841429)
(0.0174601832888 0.01 0.00253332042454)
(0.0061642090504 0.01 0.00987956874092)
(0.011249654014 0.01 0.00563459355708)
(0.017303093186 0.01 0.0136843142895)
(0.0149958803354 0.01 0.0135753428702)
(0.0137212741633 0.01 0.00581322849963)
(0.00270163203132 0.01 0.013709916433)
(0.00330323994244 0.01 0.00330225667198)
(0.0147809552597 0.01 0.00509361164574)
(0.00805983821783 0.01 0.00369068630941)
(0.0100234625132 0.01 0.00505837195766)
(0.0151252721482 0.01 0.0120634321121)
(0.01125 0.01 0.0142783121635)
(0.00875113241669 0.01 0.0142789799177)
(0.0013297789691 0.01 0.0123473304127)
(0.0186967209636 0.01 0.0123141559182)
(0.00999996457959 0.01 0.00922665824797)
(0.0124993133892 0.01 0.0121163684112)
(0.00640178131409 0.01 0.00565370163149)
(0.00751329306264 0.01 0.0121167786797)
(0.00264816887435 0.01 0.00126233572283)
(0.0173210398494 0.01 0.00129478904955)
(0.0162464688589 0.01 0.0142943566291)
(0.0138792937255 0.01 0.00988009573901)
(0.0186957677664 0.01 0.00268190704796)
(0.00128395068862 0.01 0.00266853186783)
(0.00715014928452 0.01 0.00280926598335)
(0.014984360058 0.01 0.00907422810028)
(0.00625681084801 0.01 0.0142822444084)
(0.0137494114765 0.01 0.0142809862411)
(0.00375825635834 0.01 0.0143199587726)
(0.0191590060423 0.01 0.0062712732437)
(0.000844291912857 0.01 0.00626982840139)
(0.0024929868425 0.01 0.0024917348702)
(0.00071973662946 0.01 0.0112907060857)
(0.00531783433095 0.01 0.00493960476045)
(0.00370903615388 0.01 0.000656536335703)
(0.0193067633033 0.01 0.0112575315911)
(0.0137408881175 0.01 0.000754213238043)
(0.0162644155224 0.01 0.000684746709907)
(0.00875 0.01 0.000721687836487)
(0.0193899576604 0.01 0.00144337567297)
(0.018556624327 0.01 0.0143899576604)
(0.00144337567297 0.01 0.0143899576604)
(0.018556624327 0.01 0.00061004233964)
(0.00060579938713 0.01 0.00143913272046)
(0.0192530865625 0.01 0.00882227137892)
(0.019305810106 0.01 0.00373853137499)
(0.000750845682397 0.01 0.00882908222693)
(0.0193899576604 0.01 0.013556624327)
(0.00061004233964 0.01 0.013556624327)
(0.00143913272046 0.01 0.00060579938713)
(0.00067815130149 0.01 0.00372939914737)
(0.00619744919068 0.01 0.000672790577803)
(0.0112481098038 0.01 0.000570416892133)
(0.0124889979213 0.01 0.00132463013018)
(0.00277693878171 0.00494885007185 0)
(0.00880046367239 0.00464823558824 0)
(0.0120833333333 0.00760021008774 0)
(0.00535739907003 0.00275830138821 0)
(0.00732469935602 0.00466991650508 0.015)
(0.00486605104196 0.00625491197754 0)
(0.0124855858881 0.00549225014592 0)
(0.0062090407133 0.0053893762371 0.015)
(0.0173907654229 0.00262563816114 0)
(0.012902350642 0.00669627491349 0)
(0.0124993133892 0.00284832232465 0)
(0.00561271349063 0.00738614988142 0)
(0.00459618228261 0.00372236294162 0)
(0.0173907666145 0.00737392749795 0.015)
(0.00499900140172 0.00722018300762 0.015)
(0.0137408639998 0.00533731920091 0.015)
(0.0172269273864 0.00544664485229 0)
(0.0137537286934 0.00347271543629 0)
(0.0100000177923 0.00855804036976 0.015)
(0.0105158755576 0.00224408637496 0.015)
(0.00880267802625 0.00342524332757 0)
(0.0124864323477 0.00452429579686 0.015)
(0.00762327358502 0.00530415572305 0)
(0.00786046964584 0.00256459650197 0.015)
(0.00542795907825 0.00498417364489 0)
(0.00500353114107 0.00857266879263 0.015)
(0.0163385564001 0.00336167676963 0)
(0.0185954170396 0.00511265187256 0)
(0.0112431979546 0.00496183602535 0)
(0.00247010202467 0.00245104779615 0.015)
(0.0124994114765 0.00144070159537 0)
(0.0185954182312 0.00488691378653 0.015)
(0.00872624516414 0.00646910241069 0.015)
(0.0100067541419 0.00141717188948 0)
(0.0100001245458 0.00712316095316 0.015)
(0.0162235978879 0.00465669304514 0)
(0.0075826740758 0.00130320868567 0.015)
(0.015048862179 0.00863460728506 0)
(0.00260922623631 0.00737389501401 0.015)
(0.00140759342638 0.00496934430157 0)
(0.00495113782105 0.00136539271494 0.015)
(0.00693191207104 0.00343401738719 0.015)
(0.0112431979546 0.00351846035238 0)
(0.0124994114765 0.00855929840463 0.015)
(0.0153470391924 0.00730193359812 0)
(0.00510023884 0.00476577764092 0.015)
(0.00366132082399 0.00663145156864 0.015)
(0.015048862179 0.00136539271494 0.015)
(0.011250747275 0.00645103461224 0.015)
(0.0148717392652 0.00472883772226 0.015)
(0.0075539829513 0.00137759493652 0)
(0.012902458493 0.0033050484347 0.015)
(0.00341969200778 0.00626094411062 0)
(0.00339152102024 0.00368100723549 0)
(0.0120998681485 0.00238425336227 0.015)
(0.00858735627525 0.00511742868742 0.015)
(0.00750001779226 0.00855804036976 0.015)
(0.00511489130162 0.00146537210168 0)
(0.0125165348152 0.00121598353839 0.015)
(0.010099208891 0.00107581655109 0.015)
(0.0137400011923 0.00467326758459 0)
(0.00322737843005 0.00317499381471 0.015)
(0.00512994086944 0.00867441129333 0)
(0.01 0.00876847991161 0)
(0.0149958803354 0.00857534287023 0.015)
(0.00659236442028 0.00331564765802 0)
(0.0100000501838 0.00280632367609 0)
(0.00377510842794 0.00533774996438 0.015)
(0.00753267447066 0.008722389171 0)
(0.01375448365 0.00653654800102 0.015)
(0.0163385739395 0.00663192973218 0.015)
(0.00760661079376 0.00271820242448 0)
(0.00622159087897 0.00655007999954 0.015)
(0.0175298979753 0.00754895220385 0)
(0.00140457461959 0.00488688130259 0.015)
(0.00952713631251 0.00301117848936 0.015)
(0.0104166666667 0.00760021008774 0)
(0.017303093186 0.00868431428948 0.015)
(0.017226934018 0.00455270083986 0.015)
(0.0167714506617 0.00682632085655 0)
(0.018644296564 0.00275332812359 0)
(0.00269690681404 0.00868431428948 0.015)
(0.00131455551234 0.00269494925337 0)
(0.00135569509524 0.00724620505156 0.015)
(0.0186442977555 0.0072462375355 0.015)
(0.0125000519979 0.00716690026994 0.015)
(0.00718211375852 0.00743412775909 0)
(0.017303093186 0.00131568571052 0)
(0.0144505276555 0.00653187105042 0)
(0.00999783582993 0.00547269160974 0)
(0.00798731240922 0.00657519373193 0)
(0.011250747275 0.00500765893926 0.015)
(0.00131312259332 0.0072743950482 0)
(0.00747613841057 0.0071822939908 0.015)
(0.00958787312136 0.00669518531997 0)
(0.01125 0.00927831216351 0.015)
(0.00875001779226 0.00927972820624 0.015)
(0.0162236208674 0.00533669348972 0.015)
(0.00126896420363 0.00264067625103 0.015)
(0.0187310357964 0.00264067625103 0.015)
(0.0187310357964 0.00735932374897 0)
(0.00276103816519 0.00139330355779 0)
(0.00552143524601 0.00350661792909 0.015)
(0.00465178989939 0.00269938107314 0.015)
(0.00279064207175 0.0086202919462 0)
(0.0153470446324 0.00269784643494 0.015)
(0.00263221800455 0.00264487713819 0)
(0.0162464688589 0.00929435662912 0.015)
(0.0167714561018 0.00317345917651 0.015)
(0.00264451349402 0.00125374721809 0.015)
(0.017355486506 0.00874625278191 0)
(0.017355486506 0.00125374721809 0.015)
(0.0026603889921 0.00733806266737 0)
(0.0027718933646 0.00455420299412 0.015)
(0.0007045131727 0.0037515735804 0)
(0.00625 0.00927831216351 0.015)
(0.000658921863987 0.00369730057806 0.015)
(0.019341078136 0.00369730057806 0.015)
(0.000745652755603 0.00618958072453 0.015)
(0.0192543400952 0.00618961320847 0.015)
(0.0144506409464 0.00346923233083 0.015)
(0.0192543389036 0.00380995245062 0)
(0.0137494114765 0.00928098624111 0.015)
(0.00986123565694 0.00432811155692 0.015)
(0.00375353114107 0.00929435662912 0.015)
(0.00070308025368 0.00621777072117 0)
(0.0162464688589 0.00070564337088 0)
(0.00381766249221 0.00078326121815 0)
(0.0150003119875 0.00722330276482 0.015)
(0.0137494114765 0.000719013758887 0)
(0.00384726639878 0.00923033428584 0)
(0.019341078136 0.00630269942194 0)
(0.00625 0.000721687836487 0.015)
(0.016298862179 0.000643704878453 0.015)
(0.01375 0.000721687836487 0.015)
(0.00875675414189 0.00069548405299 0)
(0.0175298979753 0.00245104779615 0.015)
(0.01125 0.000721687836487 0)
(0.01375 0.00927831216351 0)
(0.00629722880941 0.000682110883533 0)
(0.00370113782105 0.000643704878453 0.015)
(0.016298862179 0.00935629512155 0)
(0.00875 0.00927831216351 0)
(0.0088326740758 0.00058152084918 0.015)
(0.00061004233964 0.00144337567297 0.015)
(0.0193899576604 0.00855662432703 0)
(0.00144337567297 0.00061004233964 0.015)
(0.018556624327 0.00938995766036 0.015)
(0.00144337567297 0.00938995766036 0.015)
(0.018556624327 0.00061004233964 0)
(0.018556624327 0.00938995766036 0)
(0.0193899576604 0.00144337567297 0.015)
(0.018556624327 0.00061004233964 0.015)
(0.00061004233964 0.00855662432703 0)
(0.0112665348152 0.000494295701907 0.015)
(0.00061004233964 0.00144337567297 0)
(0.0193899576604 0.00144337567297 0)
(0.0193899576604 0.00855662432703 0.015)
(0.00061004233964 0.00855662432703 0.015)
(0.0148716096263 0.0052663065017 0)
(0.00144337567297 0.00061004233964 0)
(0.00144337567297 0.00938995766036 0)
(0.00628267447066 0.00944407700749 0)
(0.01125 0.0094901677481 0)
(0.0150002956396 0.0027707380779 0)
(0.00661124156539 0.00467860869591 0)
(0.0149958803354 0.00142465712977 0)
(0.0125 0.00876847991161 0)
(0 0.00271840102573 0.00739119692801)
(0 0.00544208875495 0.00277990423747)
(0 0.00464227956192 0.00378859308691)
(0 0.00626448915187 0.0101302568198)
(0 0.00275830138821 0.00964260092999)
(0 0.00653289496314 0.00703444407607)
(0 0.00455585268817 0.00620697075185)
(0 0.00264487713819 0.0123677819955)
(0 0.00140749066066 0.00499624819634)
(0 0.00138395817331 0.00744548824587)
(0 0.00733806266737 0.0123396110079)
(0 0.00626094411062 0.0115803079922)
(0 0.00372236294162 0.0104038177174)
(0 0.00742294540765 0.00784931310995)
(0 0.00511193340421 0.00140497358359)
(0 0.00739355343293 0.00940812256534)
(0 0.00861292373162 0.00496349376897)
(0 0.00499375081922 0.00956834878353)
(0 0.00274371422291 0.0049971922431)
(0 0.00870162964524 0.00750244453601)
(0 0.00330948302248 0.00840597210433)
(0 0.00146537210168 0.00988510869839)
(0 0.00337251370445 0.00618936978418)
(0 0.00335110091539 0.0036671935741)
(0 0.00727641241569 0.00467175775618)
(0 0.00496934430157 0.0135924065736)
(0 0.00867223767052 0.00989458732473)
(0 0.00368100723549 0.0116084789798)
(0 0.0064750678848 0.00556250615601)
(0 0.0072743950482 0.0136868774067)
(0 0.00527427822166 0.00738622861236)
(0 0.00275260965524 0.00135609405924)
(0 0.00131568571052 0.00269690681404)
(0 0.00269494925337 0.0136854444877)
(0 0.00139330355779 0.0122389618348)
(0 0.00494885007185 0.0122230612183)
(0 0.0086202919462 0.0122093579283)
(0 0.00681938557707 0.00323675547433)
(0 0.00735932374897 0.00126896420363)
(0 0.00468202123469 0.00838340282101)
(0 0.00874315513142 0.00264627862944)
(0 0.00262491969278 0.00260962520031)
(0 0.00070184728978 0.00624271705528)
(0 0.00380923398226 0.000746051719603)
(0 0.00078326121815 0.0111823375078)
(0 0.0037515735804 0.0142954868273)
(0 0.00621777072117 0.0142969197463)
(0 0.00630269942194 0.000658921863987)
(0 0.00925972626056 0.00626059081251)
(0 0.00923033428584 0.0111527336012)
(0 0.00754585455336 0.00247186716009)
(0 0.000682110883533 0.00870277119059)
(0 0.00070564337088 0.00375353114107)
(0 0.00144337567297 0.0143899576604)
(0 0.00855662432703 0.00061004233964)
(0 0.00938995766036 0.00144337567297)
(0 0.00061004233964 0.00144337567297)
(0 0.00144337567297 0.00061004233964)
(0 0.00855662432703 0.0143899576604)
(0 0.00944190338468 0.0087418537235)
(0 0.00061004233964 0.013556624327)
(0 0.00938995766036 0.013556624327)
(0 0.00935319747106 0.00370290295646)
(0 0.00521823185315 0.00513619272359)
(0.02 0.00468202123469 0.00838340282101)
(0.02 0.00733806266737 0.0123396110079)
(0.02 0.00527427822166 0.00738622861236)
(0.02 0.00274371422291 0.0049971922431)
(0.02 0.00262491969278 0.00260962520031)
(0.02 0.00499375081922 0.00956834878353)
(0.02 0.00544208875495 0.00277990423747)
(0.02 0.00626094411062 0.0115803079922)
(0.02 0.00275830138821 0.00964260092999)
(0.02 0.00464227956192 0.00378859308691)
(0.02 0.00742294540765 0.00784931310995)
(0.02 0.00335110091539 0.0036671935741)
(0.02 0.00372236294162 0.0104038177174)
(0.02 0.00521823185315 0.00513619272359)
(0.02 0.00494885007185 0.0122230612183)
(0.02 0.00140749066066 0.00499624819634)
(0.02 0.00496934430157 0.0135924065736)
(0.02 0.00138395817331 0.00744548824587)
(0.02 0.00626448915187 0.0101302568198)
(0.02 0.00511193340421 0.00140497358359)
(0.02 0.00861292373162 0.00496349376897)
(0.02 0.00330948302248 0.00840597210433)
(0.02 0.00739355343293 0.00940812256534)
(0.02 0.00870162964524 0.00750244453601)
(0.02 0.00146537210168 0.00988510869839)
(0.02 0.00653289496314 0.00703444407607)
(0.02 0.00867223767052 0.00989458732473)
(0.02 0.00727641241569 0.00467175775618)
(0.02 0.00337251370445 0.00618936978418)
(0.02 0.00368100723549 0.0116084789798)
(0.02 0.00271840102573 0.00739119692801)
(0.02 0.00275260965524 0.00135609405924)
(0.02 0.00754585455336 0.00247186716009)
(0.02 0.0072743950482 0.0136868774067)
(0.02 0.0064750678848 0.00556250615601)
(0.02 0.00681938557707 0.00323675547433)
(0.02 0.00131568571052 0.00269690681404)
(0.02 0.00269494925337 0.0136854444877)
(0.02 0.00735932374897 0.00126896420363)
(0.02 0.00139330355779 0.0122389618348)
(0.02 0.0086202919462 0.0122093579283)
(0.02 0.00874315513142 0.00264627862944)
(0.02 0.00070184728978 0.00624271705528)
(0.02 0.0037515735804 0.0142954868273)
(0.02 0.00621777072117 0.0142969197463)
(0.02 0.00380923398226 0.000746051719603)
(0.02 0.00925972626056 0.00626059081251)
(0.02 0.00078326121815 0.0111823375078)
(0.02 0.00923033428584 0.0111527336012)
(0.02 0.000682110883533 0.00870277119059)
(0.02 0.00630269942194 0.000658921863987)
(0.02 0.00070564337088 0.00375353114107)
(0.02 0.00264487713819 0.0123677819955)
(0.02 0.00938995766036 0.00144337567297)
(0.02 0.00855662432703 0.00061004233964)
(0.02 0.00061004233964 0.00144337567297)
(0.02 0.00144337567297 0.0143899576604)
(0.02 0.00144337567297 0.00061004233964)
(0.02 0.00855662432703 0.0143899576604)
(0.02 0.00944190338468 0.0087418537235)
(0.02 0.00935319747106 0.00370290295646)
(0.02 0.00061004233964 0.013556624327)
(0.02 0.00938995766036 0.013556624327)
(0.02 0.00455585268817 0.00620697075185)
(0.00258803532744 0 0.0125006225187)
(0.0170244935361 0 0.00475395360141)
(0.00465587116496 0 0.00274564810242)
(0.0174601832888 0 0.00253332042454)
(0.0124999772189 0 0.00780039214427)
(0.0112499740402 0 0.0070934333214)
(0.0152316476944 0 0.00284977559734)
(0.0100011160688 0 0.0121139906881)
(0.0035293470361 0 0.0116108368745)
(0.0160520167635 0 0.00562867088047)
(0.00630658642441 0 0.00706275643351)
(0.0166299030162 0 0.00333409373428)
(0.00564953510492 0 0.00350389933578)
(0.00874999629145 0 0.00709333221816)
(0.0124709350647 0 0.00507616323171)
(0.014984360058 0 0.00907422810028)
(0.00302193636016 0 0.0102866269955)
(0.0075079432647 0 0.0135612243261)
(0.00751329306264 0 0.0121167786797)
(0.0124998828402 0 0.00922702964763)
(0.00752417134103 0 0.00778919692157)
(0.0148549682453 0 0.0076993875125)
(0.013878705202 0 0.0113261454896)
(0.0184648161483 0 0.00500980461869)
(0.0170225750119 0 0.0102345588786)
(0.0149958803354 0 0.0135753428702)
(0.0138792937255 0 0.00988009573901)
(0.00152244321435 0 0.00499922754875)
(0.00369281545025 0 0.00920220511342)
(0.00764317102137 0 0.00509941653287)
(0.0165159573083 0 0.0115399774621)
(0.0163207799539 0 0.00922822965533)
(0.0184120926049 0 0.00759354462262)
(0.00159513759525 0 0.00759891062832)
(0.00501506720635 0 0.0136022031811)
(0.011249654014 0 0.00563459355708)
(0.0029857533148 0 0.00780519483194)
(0.00752952166876 0 0.00921433321526)
(0.0124889979213 0 0.00132463013018)
(0.0112498855649 0 0.0113920807771)
(0.00504947497201 0 0.0090302985909)
(0.00393398938245 0 0.00691794194081)
(0.0185598498658 0 0.0100798029701)
(0.0124994114765 0 0.0135592984046)
(0.00147058231186 0 0.0101197883126)
(0.0120719921559 0 0.00270081351631)
(0.0112498664923 0 0.00994879176406)
(0.0143551767105 0 0.00373457622973)
(0.00999810980377 0 0.00129210472862)
(0.00875533345006 0 0.00994718945114)
(0.00490648534456 0 0.00132932691351)
(0.0160973076209 0 0.00696905759899)
(0.00293849570141 0 0.004748882071)
(0.00395942614996 0 0.00562797892611)
(0.0100011324167 0 0.0135572920812)
(0.0137499962915 0 0.00707861764787)
(0.00489975458799 0 0.0121023751973)
(0.00519720267375 0 0.00763862257718)
(0.00744744919068 0 0.00139447841429)
(0.00999997774871 0 0.00779793730867)
(0.00875646586675 0 0.0113912328783)
(0.0151252721482 0 0.0120634321121)
(0.0124993133892 0 0.0121163684112)
(0.0128784935574 0 0.00369994396648)
(0.0147809552597 0 0.00509361164574)
(0.0170170608501 0 0.00784474699052)
(0.00805983821783 0 0.00369068630941)
(0.00330323994244 0 0.00330225667198)
(0.0186957677664 0 0.00268190704796)
(0.0173210398494 0 0.00129478904955)
(0.0061642090504 0 0.00987956874092)
(0.0137212741633 0 0.00581322849963)
(0.00960679902533 0 0.00365208212648)
(0.00128395068862 0 0.00266853186783)
(0.00877380108211 0 0.00581260663148)
(0.0013297789691 0 0.0123473304127)
(0.0186967209636 0 0.0123141559182)
(0.00999996457959 0 0.00922665824797)
(0.00640178131409 0 0.00565370163149)
(0.017303093186 0 0.0136843142895)
(0.0104144373718 0 0.00266828811475)
(0.00264816887435 0 0.00126233572283)
(0.00715014928452 0 0.00280926598335)
(0.00270163203132 0 0.013709916433)
(0.0024929868425 0 0.0024917348702)
(0.0174431898226 0 0.0124418458806)
(0.0191590060423 0 0.0062712732437)
(0.000844291912857 0 0.00626982840139)
(0.00071973662946 0 0.0112907060857)
(0.00531783433095 0 0.00493960476045)
(0.0162644155224 0 0.000684746709907)
(0.0100234625132 0 0.00505837195766)
(0.00370903615388 0 0.000656536335703)
(0.0193067633033 0 0.0112575315911)
(0.0137408881175 0 0.000754213238043)
(0.0192530865625 0 0.00882227137892)
(0.000750845682397 0 0.00882908222693)
(0.00625681084801 0 0.0142822444084)
(0 0 0.01375)
(0 0.00125 0.015)
(0.00125 0 0.015)
(0.02 0 0.00625)
(0.01625 0 0.015)
(0 0 0.00125)
(0.02 0 0.00875)
(0 0.00125 0)
(0.00125 0 0)
(0.02 0 0.01125)
(0 0.00875 0.015)
(0 0.01 0.01375)
(0.00125 0.01 0.015)
(0.00375 0.01 0)
(0 0.01 0.00125)
(0.00625 0.01 0)
(0 0.00875 0)
(0.00125 0.01 0)
(0.02 0.00375 0.015)
(0.00875 0.01 0)
(0.02 0 0.01375)
(0.02 0.00125 0.015)
(0.01875 0 0.015)
(0.02 0.00625 0.015)
(0.01125 0.01 0)
(0.02 0 0.00125)
(0.02 0.00125 0)
(0.01875 0 0)
(0.01375 0.01 0)
(0.02 0.01 0.00375)
(0.02 0.00875 0.015)
(0.02 0.01 0.01375)
(0.01875 0.01 0.015)
(0.01625 0.01 0)
(0.02 0.01 0.00625)
(0.02 0.01 0.00125)
(0.02 0.00875 0)
(0.01875 0.01 0)
(0.02 0.01 0.00875)
(0.00375 0.01 0.015)
(0 0 0.00375)
(0.02 0.01 0.01125)
(0.00625 0.01 0.015)
(0 0 0.00625)
(0.00875 0.01 0.015)
(0 0 0.00875)
(0.02 0.00375 0)
(0 0 0.01125)
(0.01125 0.01 0.015)
(0.02 0.00625 0)
(0.01375 0.01 0.015)
(0 0.00375 0.015)
(0.00375 0 0)
(0.01625 0.01 0.015)
(0 0.00625 0.015)
(0.00625 0 0)
(0.00875 0 0)
(0 0.01 0.00375)
(0.01125 0 0)
(0 0.01 0.00625)
(0.01375 0 0)
(0 0.01 0.00875)
(0.01625 0 0)
(0 0.01 0.01125)
(0.00375 0 0.015)
(0 0.00375 0)
(0.00625 0 0.015)
(0 0.00625 0)
(0.00875 0 0.015)
(0.01125 0 0.015)
(0.02 0 0.00375)
(0.01375 0 0.015)
(0 0.00091506350946 0.0140849364905)
(0.00091506350946 0 0.0140849364905)
(0.00091506350946 0.00091506350946 0.015)
(0 0.00091506350946 0.00091506350946)
(0.000908699080695 0 0.000908699080695)
(0.00091506350946 0.00091506350946 0)
(0 0.00908493649054 0.0140849364905)
(0.00091506350946 0.01 0.0140849364905)
(0.00091506350946 0.00908493649054 0.015)
(0 0.00908493649054 0.00091506350946)
(0.000908699080695 0.01 0.000908699080695)
(0.00091506350946 0.00908493649054 0)
(0.02 0.00091506350946 0.0140849364905)
(0.0190849364906 0 0.0140849364905)
(0.0190849364906 0.00091506350946 0.015)
(0.02 0.00091506350946 0.00091506350946)
(0.0190849364906 0 0.00091506350946)
(0.0190849364906 0.00091506350946 0)
(0.02 0.00908493649054 0.0140849364905)
(0.0190849364906 0.01 0.0140849364905)
(0.0190849364906 0.00908493649054 0.015)
(0.02 0.00908493649054 0.00091506350946)
(0.0190849364906 0.01 0.00091506350946)
(0.0190849364906 0.00908493649054 0)
(0 0.00105846505632 0.0031302967116)
(0 0.00091506350946 0.00216506350946)
(0.00101722695224 0 0.00309409872105)
(0.000908699080695 0 0.0021586990807)
(0 0.00105846505632 0.0043802967116)
(0 0.00105277093467 0.00561407558292)
(0.00101722695224 0 0.00434409872105)
(0.00126643786928 0 0.00565474260208)
(0 0.0010231663253 0.00805415678588)
(0 0.00105277093467 0.00686407558291)
(0.00112626852359 0 0.0082436233404)
(0.00126643786928 0 0.00690474260208)
(0 0.0010231663253 0.00930415678589)
(0 0.00117489182723 0.0105235062617)
(0.00112626852359 0 0.0094936233404)
(0.00107960494419 0 0.0106860591285)
(0 0.00117489182723 0.0117735062617)
(0 0.00091506350946 0.0128349364906)
(0.00107960494419 0 0.0119360591285)
(0.00091506350946 0 0.0128349364906)
(0 0.0031273603706 0.013943230241)
(0 0.00216506350946 0.0140849364905)
(0.00098838279598 0.00304595086709 0.015)
(0.00091506350946 0.00216506350946 0.015)
(0 0.00557665608175 0.0139453796195)
(0 0.0043773603706 0.013943230241)
(0.00098838279598 0.00429595086708 0.015)
(0.00111847913341 0.0055343710868 0.015)
(0 0.00682665608175 0.0139453796195)
(0 0.00783493649054 0.0140849364905)
(0.00111847913341 0.0067843710868 0.015)
(0.00091506350946 0.00783493649054 0.015)
(0 0.00902979620659 0.0030543544347)
(0 0.00908493649054 0.00216506350946)
(0.00101722695224 0.01 0.00309409872105)
(0.000908699080695 0.01 0.0021586990807)
(0 0.00888958939085 0.00564088621877)
(0 0.00902979620659 0.0043043544347)
(0.00101722695224 0.01 0.00434409872105)
(0.00126643786928 0.01 0.00565474260208)
(0 0.00888958939085 0.00689088621876)
(0 0.00916285507701 0.00811278058525)
(0.00112626852359 0.01 0.0082436233404)
(0.00126643786928 0.01 0.00690474260208)
(0 0.00884550142876 0.0104791004018)
(0 0.00916285507701 0.00936278058525)
(0.00112626852359 0.01 0.0094936233404)
(0.00107960494419 0.01 0.0106860591285)
(0 0.00884550142876 0.0117291004019)
(0 0.00908493649054 0.0128349364906)
(0.00107960494419 0.01 0.0119360591285)
(0.00091506350946 0.01 0.0128349364906)
(0 0.00321385097339 0.0011190775794)
(0 0.00216506350946 0.00091506350946)
(0.00105676975905 0.0031273603706 0)
(0.00091506350946 0.00216506350946 0)
(0 0.00570404913291 0.00098838279598)
(0 0.0044638509734 0.0011190775794)
(0.00105462038052 0.00557665608175 0)
(0.00105676975905 0.0043773603706 0)
(0 0.00695404913291 0.00098838279598)
(0 0.00783493649054 0.00091506350946)
(0.00105462038052 0.00682665608175 0)
(0.00091506350946 0.00783493649054 0)
(0.02 0.00105846505632 0.0031302967116)
(0.02 0.00091506350946 0.00216506350946)
(0.018958715159 0 0.00310779706249)
(0.0190849364906 0 0.00216506350946)
(0.02 0.00105846505632 0.0043802967116)
(0.02 0.00105277093467 0.00561407558292)
(0.018958715159 0 0.00435779706248)
(0.0187385090635 0 0.00565690986555)
(0.02 0.0010231663253 0.00805415678588)
(0.02 0.00105277093467 0.00686407558291)
(0.0188796298438 0 0.00823340706839)
(0.0187385090635 0 0.00690690986554)
(0.02 0.0010231663253 0.00930415678589)
(0.02 0.00117489182723 0.0105235062617)
(0.0188796298438 0 0.00948340706839)
(0.0189601449549 0 0.0106362973867)
(0.02 0.00117489182723 0.0117735062617)
(0.02 0.00091506350946 0.0128349364906)
(0.0189601449549 0 0.0118862973867)
(0.0190849364906 0 0.0128349364906)
(0.02 0.0031273603706 0.013943230241)
(0.02 0.00216506350946 0.0140849364905)
(0.019011617204 0.00304595086709 0.015)
(0.0190849364906 0.00216506350946 0.015)
(0.02 0.00557665608175 0.0139453796195)
(0.02 0.0043773603706 0.013943230241)
(0.019011617204 0.00429595086708 0.015)
(0.0188815101427 0.00553441981271 0.015)
(0.02 0.00682665608175 0.0139453796195)
(0.02 0.00783493649054 0.0140849364905)
(0.0188815101427 0.00678441981271 0.015)
(0.0190849364906 0.00783493649054 0.015)
(0.02 0.00902979620659 0.0030543544347)
(0.02 0.00908493649054 0.00216506350946)
(0.018958715159 0.01 0.00310779706249)
(0.0190849364906 0.01 0.00216506350946)
(0.02 0.00888958939085 0.00564088621877)
(0.02 0.00902979620659 0.0043043544347)
(0.018958715159 0.01 0.00435779706248)
(0.0187385090635 0.01 0.00565690986555)
(0.02 0.00888958939085 0.00689088621876)
(0.02 0.00916285507701 0.00811278058525)
(0.0188796298438 0.01 0.00823340706839)
(0.0187385090635 0.01 0.00690690986554)
(0.02 0.00884550142876 0.0104791004018)
(0.02 0.00916285507701 0.00936278058525)
(0.0188796298438 0.01 0.00948340706839)
(0.0189601449549 0.01 0.0106362973867)
(0.02 0.00884550142876 0.0117291004019)
(0.02 0.00908493649054 0.0128349364906)
(0.0189601449549 0.01 0.0118862973867)
(0.0190849364906 0.01 0.0128349364906)
(0.02 0.00321385097339 0.0011190775794)
(0.02 0.00216506350946 0.00091506350946)
(0.0188815083555 0.00321492867593 0)
(0.0190849364906 0.00216506350946 0)
(0.02 0.00570404913291 0.00098838279598)
(0.02 0.0044638509734 0.0011190775794)
(0.019011617204 0.00570404913291 0)
(0.0188815083555 0.00446492867593 0)
(0.02 0.00695404913291 0.00098838279598)
(0.02 0.00783493649054 0.00091506350946)
(0.019011617204 0.00695404913291 0)
(0.0190849364906 0.00783493649054 0)
(0.00306355423083 0 0.000984804503555)
(0.0021586990807 0 0.000908699080695)
(0.00322649373832 0.00117489182723 0)
(0.00216506350946 0.00091506350946 0)
(0.00431355423083 0 0.000984804503555)
(0.00554617378602 0 0.0010091858667)
(0.00569584321411 0.0010231663253 0)
(0.00447649373832 0.00117489182723 0)
(0.008125 0 0.00108253175473)
(0.00679617378602 0 0.0010091858667)
(0.00694584321412 0.0010231663253 0)
(0.00813513121283 0.00104322607948 0)
(0.009375 0 0.00108253175473)
(0.0106221647057 0 0.0008556253382)
(0.010625 0.00108253175473 0)
(0.00938513121283 0.00104322607948 0)
(0.0131113321763 0 0.00113131985706)
(0.0118721647057 0 0.0008556253382)
(0.011875 0.00108253175473 0)
(0.0131241172148 0.00107852063833 0)
(0.0143613321762 0 0.00113131985706)
(0.0156466232836 0 0.00102712006486)
(0.0156197032884 0.00105846505632 0)
(0.0143741172147 0.00107852063833 0)
(0.0168966232836 0 0.00102712006486)
(0.0178349364905 0 0.00091506350946)
(0.0168697032884 0.00105846505632 0)
(0.0178349364905 0.00091506350946 0)
(0.00313738453751 0 0.0139799381589)
(0.00216506350946 0 0.0140849364905)
(0.00305170673157 0.00096555731768 0.015)
(0.00216506350946 0.00091506350946 0.015)
(0.00563521627202 0 0.0139233666126)
(0.00438738453751 0 0.0139799381589)
(0.005625 0.00108253175473 0.015)
(0.00430170673157 0.00096555731768 0.015)
(0.00688521627202 0 0.0139233666126)
(0.00812669862504 0 0.0139184698765)
(0.006875 0.00108253175473 0.015)
(0.0082490111137 0.00087228127377 0.015)
(0.010625 0 0.0139174682452)
(0.00937669862504 0 0.0139184698765)
(0.0094990111137 0.00087228127377 0.015)
(0.0106498022227 0.00074144355286 0.015)
(0.011875 0 0.0139174682452)
(0.0131241172148 0 0.0139214793616)
(0.013125 0.00108253175473 0.015)
(0.0118998022227 0.00074144355286 0.015)
(0.0156197032884 0 0.0139415349437)
(0.0143741172147 0 0.0139214793616)
(0.014375 0.00108253175473 0.015)
(0.0156982932685 0.00096555731768 0.015)
(0.0168697032884 0 0.0139415349437)
(0.0178349364905 0 0.0140849364905)
(0.0169482932685 0.00096555731768 0.015)
(0.0178349364905 0.00091506350946 0.015)
(0.00306355423083 0.01 0.000984804503555)
(0.0021586990807 0.01 0.000908699080695)
(0.00327089959817 0.00884550142876 0)
(0.00216506350946 0.00908493649054 0)
(0.00431355423083 0.01 0.000984804503555)
(0.00554617378602 0.01 0.0010091858667)
(0.00452089959817 0.00884550142876 0)
(0.00567401170599 0.00916611551124 0)
(0.008125 0.01 0.00108253175473)
(0.00679617378602 0.01 0.0010091858667)
(0.008125 0.00891746824527 0)
(0.00692401170599 0.00916611551124 0)
(0.009375 0.01 0.00108253175473)
(0.0106221647057 0.01 0.0008556253382)
(0.009375 0.00891746824527 0)
(0.010625 0.00923525162215 0)
(0.0131113321763 0.01 0.00113131985706)
(0.0118721647057 0.01 0.0008556253382)
(0.013125 0.00891746824527 0)
(0.011875 0.00923525162215 0)
(0.0143613321762 0.01 0.00113131985706)
(0.0156466232836 0.01 0.00102712006486)
(0.014375 0.00891746824527 0)
(0.0156982932685 0.00903444268232 0)
(0.0168966232836 0.01 0.00102712006486)
(0.0178349364905 0.01 0.00091506350946)
(0.0169482932685 0.00903444268232 0)
(0.0178349364905 0.00908493649054 0)
(0.00313738453751 0.01 0.0139799381589)
(0.00216506350946 0.01 0.0140849364905)
(0.0031302967116 0.00894153494368 0.015)
(0.00216506350946 0.00908493649054 0.015)
(0.00563521627202 0.01 0.0139233666126)
(0.00438738453751 0.01 0.0139799381589)
(0.005625 0.00891746824527 0.015)
(0.0043802967116 0.00894153494368 0.015)
(0.00688521627202 0.01 0.0139233666126)
(0.00812669862504 0.01 0.0139184698765)
(0.006875 0.00891746824527 0.015)
(0.00812502668839 0.00891959230936 0.015)
(0.010625 0.01 0.0139174682452)
(0.00937669862504 0.01 0.0139184698765)
(0.010625 0.00891746824527 0.015)
(0.00937502668839 0.00891959230936 0.015)
(0.011875 0.01 0.0139174682452)
(0.0131241172148 0.01 0.0139214793616)
(0.011875 0.00891746824527 0.015)
(0.0131241172148 0.00892147936167 0.015)
(0.0156197032884 0.01 0.0139415349437)
(0.0143741172147 0.01 0.0139214793616)
(0.0156197032884 0.00894153494368 0.015)
(0.0143741172147 0.00892147936167 0.015)
(0.0168697032884 0.01 0.0139415349437)
(0.0178349364905 0.01 0.0140849364905)
(0.0168697032884 0.00894153494368 0.015)
(0.0178349364905 0.00908493649054 0.015)
)


// ************************************************************************* //
