/*--------------------------------*- C++ -*----------------------------------*\
| =========                 |                                                 |
| \\      /  F ield         | OpenFOAM: The Open Source CFD Toolbox           |
|  \\    /   O peration     | Version:                                        |
|   \\  /    A nd           | Website:  www.openfoam.com                      |
|    \\/     M anipulation  |                                                 |
\*---------------------------------------------------------------------------*/
FoamFile
{
    version     2.0;
    format      ascii;
    class       labelList;
    note        "nPoints:325  nCells:1044  nFaces:2354  nInternalFaces:1822";
    location    "constant/polyMesh";
    object      neighbour;
}
// * * * * * * * * * * * * * * * * * * * * * * * * * * * * * * * * * * * * * //


1822
(
1
16
29
167
21
134
1029
3
23
50
341
18
67
681
9
10
28
874
53
77
110
399
17
26
318
799
12
76
90
1043
24
71
172
1019
17
35
17
112
947
68
73
175
1008
79
217
1040
14
20
379
462
22
500
1029
45
610
1010
21
184
256
814
23
64
1022
38
218
508
1015
37
475
492
22
1016
37
1014
393
397
84
98
287
30
55
58
105
35
742
764
49
53
87
221
74
122
882
103
134
181
54
60
126
36
45
268
1010
43
57
75
1017
40
41
67
99
47
82
152
156
78
327
88
228
262
503
549
115
169
1017
56
218
1013
1015
48
572
754
48
50
682
44
113
180
277
57
105
212
206
220
244
147
1025
51
70
142
376
150
163
519
696
59
69
97
149
172
80
83
96
114
117
149
77
130
55
190
267
253
756
266
284
1012
157
246
81
118
143
69
132
1021
103
135
139
68
279
1009
1026
113
167
206
345
86
94
121
782
272
569
1023
101
109
410
92
104
154
950
223
272
317
1027
93
102
127
324
373
393
475
1033
91
96
117
502
92
241
830
78
333
504
126
291
1016
221
278
1042
204
320
315
706
90
244
798
95
127
903
105
276
517
104
237
824
133
145
870
141
158
1033
86
94
408
532
162
597
100
130
391
202
346
1011
97
108
181
213
243
201
460
490
196
846
102
228
262
188
306
145
507
909
341
379
442
471
141
760
223
587
777
131
261
442
124
171
417
110
155
213
269
196
844
382
174
347
487
582
123
219
228
229
166
583
1021
124
125
839
155
399
119
230
259
433
122
189
805
166
321
197
215
265
169
212
630
118
137
143
406
170
199
135
443
234
259
263
179
216
311
454
173
247
668
377
224
340
755
140
793
148
220
451
134
146
614
641
138
168
193
314
182
205
559
650
841
303
316
833
180
310
1020
142
480
860
146
225
562
200
248
279
524
255
281
414
195
453
729
190
213
214
148
367
648
715
738
339
556
394
558
185
245
403
629
497
948
271
305
701
1024
206
716
197
682
152
491
595
165
207
240
584
186
192
251
283
484
1011
203
237
790
250
294
163
178
477
211
328
481
194
700
773
198
235
240
299
226
270
275
358
229
249
268
485
173
633
644
745
330
568
1028
1030
179
236
313
1020
181
459
195
443
611
231
322
265
753
765
215
417
1018
287
448
273
511
191
337
563
317
404
430
183
344
386
521
179
207
311
611
262
288
1025
704
238
378
442
204
604
621
346
385
486
345
412
549
252
284
359
192
210
390
208
260
274
293
306
654
318
401
826
295
471
203
250
300
430
222
369
719
827
1032
296
375
430
448
324
418
564
201
740
800
277
537
577
840
214
295
525
241
818
205
221
320
667
459
363
630
239
269
388
222
254
550
555
285
404
437
246
526
619
276
311
583
346
539
367
1019
246
353
573
278
441
603
489
647
334
392
428
493
586
258
419
552
877
228
295
471
269
355
423
323
332
455
238
243
244
292
767
324
510
556
256
322
423
233
362
370
522
371
546
594
302
319
542
270
353
356
240
353
477
258
751
293
298
739
607
478
280
290
307
649
258
493
252
325
360
356
326
433
654
277
348
292
297
671
289
472
553
1010
381
632
357
444
581
363
450
665
562
615
1037
269
412
275
356
463
526
834
266
1012
342
567
316
391
441
437
307
319
605
335
349
361
503
829
649
668
282
357
527
467
623
323
612
282
305
400
692
326
339
658
313
342
583
380
660
311
443
586
391
663
688
351
541
1022
329
394
1037
405
689
333
438
525
381
500
390
521
795
408
425
528
628
696
294
456
496
347
551
621
343
427
744
328
365
432
392
446
300
624
710
375
406
703
464
467
639
412
440
446
324
647
1013
337
456
308
431
479
1031
413
424
457
400
442
483
331
366
538
806
336
365
351
690
343
817
359
432
500
354
372
402
646
378
472
1008
355
364
560
562
374
396
369
445
669
327
636
695
788
694
774
588
781
345
387
439
338
458
780
360
662
543
862
578
735
771
1036
398
488
648
384
389
949
380
544
802
377
553
340
576
429
566
575
352
468
1031
813
421
434
452
548
687
461
923
460
462
386
721
561
346
437
583
716
812
378
1009
452
508
684
354
402
610
1011
447
817
861
1030
780
486
565
388
505
1013
642
734
389
570
820
403
431
427
732
429
590
728
473
495
627
419
584
416
593
601
468
689
536
570
825
379
475
426
427
561
638
761
371
869
871
436
596
685
376
574
723
482
554
850
792
548
498
751
1028
720
462
649
444
473
481
450
458
630
1039
457
591
873
416
506
620
506
585
396
439
465
567
693
591
835
712
515
420
492
711
756
401
435
530
801
465
482
462
492
541
441
529
861
428
449
405
788
498
531
484
762
554
1020
643
414
845
474
501
514
547
602
713
469
514
901
1033
451
778
415
449
624
672
440
470
535
741
677
464
592
722
516
539
843
607
641
766
611
616
675
1032
440
476
739
466
494
599
709
443
445
463
535
660
569
616
769
470
678
732
466
515
841
887
888
479
578
543
605
458
653
699
509
759
831
512
523
808
1021
509
512
822
577
807
499
459
674
734
505
645
465
635
690
1023
1019
518
781
555
1038
725
763
575
653
513
686
776
517
534
704
544
934
477
538
868
645
648
631
632
471
483
527
629
1012
518
618
635
626
683
701
479
930
1032
588
727
478
551
522
674
566
609
864
547
499
575
1008
520
736
580
735
794
576
643
512
504
623
708
620
797
563
959
529
737
849
508
589
668
502
945
533
565
779
702
839
631
681
838
517
546
640
809
1024
507
520
878
509
566
864
1014
659
716
807
568
919
508
702
695
731
669
693
601
752
748
536
542
866
548
589
606
748
637
703
726
609
819
518
523
557
822
558
595
962
746
852
585
712
580
596
613
663
969
670
706
720
787
642
643
602
967
603
531
926
928
633
918
622
917
546
573
749
564
747
545
691
763
542
562
670
600
617
743
963
649
782
556
924
698
969
549
716
566
552
961
996
975
623
694
795
761
736
613
743
770
640
845
667
973
593
637
776
588
931
612
766
622
797
601
571
849
628
692
612
888
1030
587
921
594
858
589
647
1039
833
688
893
787
614
634
972
619
652
705
756
608
791
863
889
721
763
936
684
597
675
702
660
618
997
770
619
664
917
620
680
718
627
679
828
626
1005
676
770
918
1040
621
834
886
644
673
889
625
783
880
887
779
792
915
665
890
637
677
929
713
827
676
895
935
897
812
958
722
813
651
657
946
937
697
869
690
749
762
647
683
840
662
945
960
665
961
940
652
710
755
676
678
937
671
935
828
752
890
907
680
699
761
685
958
1028
651
786
900
783
910
717
907
848
886
666
929
1036
661
730
965
672
791
913
687
960
725
819
856
725
738
778
683
955
714
772
871
723
803
876
1034
970
782
776
822
1035
995
786
912
684
728
885
718
930
964
703
998
697
811
932
728
709
877
914
848
943
726
990
922
794
883
698
725
893
906
875
794
767
898
885
965
875
715
942
809
782
933
717
811
885
710
1035
757
1007
1040
731
995
744
756
771
811
828
797
718
802
858
971
862
729
975
897
850
809
1038
746
747
866
964
741
998
990
738
971
957
749
754
821
837
898
883
883
866
750
793
1041
901
875
753
956
941
758
815
902
823
851
1022
779
1025
784
925
784
927
966
765
768
829
996
920
1006
836
906
767
923
974
1041
816
954
801
803
908
778
1018
787
774
954
1034
785
919
920
785
974
789
847
906
954
802
897
775
884
898
876
837
896
905
804
854
914
858
786
812
920
1006
861
837
859
905
818
992
813
933
843
865
850
800
857
899
938
865
1041
814
902
891
914
876
924
822
851
857
881
944
826
993
825
994
856
940
810
867
966
872
894
915
816
980
816
862
932
886
931
901
835
934
836
991
842
892
915
844
962
927
928
905
843
846
939
853
855
966
838
857
904
944
841
996
982
921
953
916
938
865
938
894
911
968
981
933
983
859
967
1039
919
895
908
878
925
879
926
881
936
879
894
968
893
952
989
870
922
880
959
940
872
943
873
941
1000
999
1002
882
1001
944
977
985
978
987
957
896
942
930
945
890
899
956
911
963
951
929
1003
1004
910
973
909
972
916
988
923
968
979
984
986
913
997
976
1005
1027
976
978
984
980
993
1001
977
979
1000
982
994
1002
981
983
992
985
986
999
987
988
1004
989
991
1003
1026
1042
1043
1009
1011
1013
1015
1016
1017
1017
1019
1021
1023
1025
1027
1029
1031
1031
1033
1035
1036
1037
1037
1039
1041
1043
)


// ************************************************************************* //
